-0.000000 1998.998937
0.000500 1998.998771
0.001000 1998.998590
0.001501 1998.998392
0.002001 1998.998174
0.002501 1998.997932
0.003001 1998.997661
0.003502 1998.997355
0.004002 1998.997006
0.004502 1998.996603
0.005002 1998.996135
0.005503 1998.995587
0.006003 1998.994940
0.006503 1998.994931
0.007003 1998.994942
0.007504 1998.994950
0.008004 1998.994941
0.008504 1998.994906
0.009004 1998.994844
0.009505 1998.994764
0.010005 1998.994681
0.010505 1998.994619
0.011006 1998.994605
0.011506 1998.994669
0.012006 1998.994841
0.012506 1998.995148
0.013007 1998.995562
0.013507 1998.996033
0.014007 1998.996541
0.014507 1998.997070
0.015008 1998.997600
0.015508 1998.998117
0.016008 1998.998604
0.016508 1998.999052
0.017009 1998.999451
0.017509 1998.999794
0.018009 1999.000078
0.018509 1999.000302
0.019010 1999.000465
0.019510 1999.000573
0.020010 1999.000634
0.020510 1999.000657
0.021011 1999.000651
0.021511 1999.000623
0.022011 1999.000579
0.022511 1999.000525
0.023012 1999.000465
0.023512 1999.000404
0.024012 1999.000345
0.024512 1999.000288
0.025013 1999.000237
0.025513 1999.000192
0.026013 1999.000152
0.026513 1999.000119
0.027014 1999.000091
0.027514 1999.000069
0.028014 1999.000051
0.028514 1999.000037
0.029015 1999.000026
0.029515 1999.000018
0.030015 1999.000012
0.030515 1999.000008
0.031016 1999.000005
0.031516 1999.000003
0.032016 1999.000002
0.032516 1999.000001
0.033017 1999.000001
0.033517 1999.000000
0.034017 1999.000000
0.034517 1999.000000
0.035018 1999.000000
0.035518 1999.000000
0.036018 1999.000000
0.036518 1999.000000
0.037019 1999.000000
0.037519 1999.000000
0.038019 1999.000000
0.038519 1999.000000
0.039020 1999.000000
0.039520 1999.000000
0.040020 1999.000000
0.040520 1999.000000
0.041021 1999.000000
0.041521 1999.000000
0.042021 1999.000000
0.042521 1999.000000
0.043022 1999.000000
0.043522 1999.000000
0.044022 1999.000000
0.044522 1999.000000
0.045023 1999.000000
0.045523 1999.000000
0.046023 1999.000000
0.046523 1999.000000
0.047024 1999.000000
0.047524 1999.000000
0.048024 1999.000000
0.048524 1999.000000
0.049025 1999.000000
0.049525 1999.000000
0.050025 1999.000000
0.050525 1999.000000
0.051026 1999.000000
0.051526 1999.000000
0.052026 1999.000000
0.052526 1999.000000
0.053027 1999.000000
0.053527 1999.000000
0.054027 1999.000000
0.054527 1999.000000
0.055028 1999.000000
0.055528 1999.000000
0.056028 1999.000000
0.056528 1999.000000
0.057029 1999.000000
0.057529 1999.000000
0.058029 1999.000000
0.058529 1999.000000
0.059030 1999.000000
0.059530 1999.000000
0.060030 1999.000000
0.060530 1999.000000
0.061031 1999.000000
0.061531 1999.000000
0.062031 1999.000000
0.062531 1999.000000
0.063032 1999.000000
0.063532 1999.000000
0.064032 1999.000000
0.064532 1999.000000
0.065033 1999.000000
0.065533 1999.000000
0.066033 1999.000000
0.066533 1999.000000
0.067034 1999.000000
0.067534 1999.000000
0.068034 1999.000000
0.068534 1999.000000
0.069035 1999.000000
0.069535 1999.000000
0.070035 1999.000000
0.070535 1999.000000
0.071036 1999.000000
0.071536 1999.000000
0.072036 1999.000000
0.072536 1999.000000
0.073037 1999.000000
0.073537 1999.000000
0.074037 1999.000000
0.074537 1999.000000
0.075038 1999.000000
0.075538 1999.000000
0.076038 1999.000000
0.076538 1999.000000
0.077039 1999.000000
0.077539 1999.000000
0.078039 1999.000000
0.078539 1999.000000
0.079040 1999.000000
0.079540 1999.000000
0.080040 1999.000000
0.080540 1999.000000
0.081041 1999.000000
0.081541 1999.000000
0.082041 1999.000000
0.082541 1999.000000
0.083042 1999.000000
0.083542 1999.000000
0.084042 1999.000000
0.084542 1999.000000
0.085043 1999.000000
0.085543 1999.000000
0.086043 1999.000000
0.086543 1999.000000
0.087044 1999.000000
0.087544 1999.000000
0.088044 1999.000000
0.088544 1999.000000
0.089045 1999.000000
0.089545 1999.000000
0.090045 1999.000000
0.090545 1999.000000
0.091046 1999.000000
0.091546 1999.000000
0.092046 1999.000000
0.092546 1999.000000
0.093047 1999.000000
0.093547 1999.000000
0.094047 1999.000000
0.094547 1999.000000
0.095048 1999.000000
0.095548 1999.000000
0.096048 1999.000000
0.096548 1999.000000
0.097049 1999.000000
0.097549 1999.000000
0.098049 1999.000000
0.098549 1999.000000
0.099050 1999.000000
0.099550 1999.000000
0.100050 1999.000000
0.100550 1999.000000
0.101051 1999.000000
0.101551 1999.000000
0.102051 1999.000000
0.102551 1999.000000
0.103052 1999.000000
0.103552 1999.000000
0.104052 1999.000000
0.104552 1999.000000
0.105053 1999.000000
0.105553 1999.000000
0.106053 1999.000000
0.106553 1999.000000
0.107054 1999.000000
0.107554 1999.000000
0.108054 1999.000000
0.108554 1999.000000
0.109055 1999.000000
0.109555 1999.000000
0.110055 1999.000000
0.110555 1999.000000
0.111056 1999.000000
0.111556 1999.000000
0.112056 1999.000000
0.112556 1999.000000
0.113057 1999.000000
0.113557 1999.000000
0.114057 1999.000000
0.114557 1999.000000
0.115058 1999.000000
0.115558 1999.000000
0.116058 1999.000000
0.116558 1999.000000
0.117059 1999.000000
0.117559 1999.000000
0.118059 1999.000000
0.118559 1999.000000
0.119060 1999.000000
0.119560 1999.000000
0.120060 1999.000000
0.120560 1999.000000
0.121061 1999.000000
0.121561 1999.000000
0.122061 1999.000000
0.122561 1999.000000
0.123062 1999.000000
0.123562 1999.000000
0.124062 1999.000000
0.124562 1999.000000
0.125063 1999.000000
0.125563 1999.000000
0.126063 1999.000000
0.126563 1999.000000
0.127064 1999.000000
0.127564 1999.000000
0.128064 1999.000000
0.128564 1999.000000
0.129065 1999.000000
0.129565 1999.000000
0.130065 1999.000000
0.130565 1999.000000
0.131066 1999.000000
0.131566 1999.000000
0.132066 1999.000000
0.132566 1999.000000
0.133067 1999.000000
0.133567 1999.000000
0.134067 1999.000000
0.134567 1999.000000
0.135068 1999.000000
0.135568 1999.000000
0.136068 1999.000000
0.136568 1999.000000
0.137069 1999.000000
0.137569 1999.000000
0.138069 1999.000000
0.138569 1999.000000
0.139070 1999.000000
0.139570 1999.000000
0.140070 1999.000000
0.140570 1999.000000
0.141071 1999.000000
0.141571 1999.000000
0.142071 1999.000000
0.142571 1999.000000
0.143072 1999.000000
0.143572 1999.000000
0.144072 1999.000000
0.144572 1999.000000
0.145073 1999.000000
0.145573 1999.000000
0.146073 1999.000000
0.146573 1999.000000
0.147074 1999.000000
0.147574 1999.000000
0.148074 1999.000000
0.148574 1999.000000
0.149075 1999.000000
0.149575 1999.000000
0.150075 1999.000000
0.150575 1999.000000
0.151076 1999.000000
0.151576 1999.000000
0.152076 1999.000000
0.152576 1999.000000
0.153077 1999.000000
0.153577 1999.000000
0.154077 1999.000000
0.154577 1999.000000
0.155078 1999.000000
0.155578 1999.000000
0.156078 1999.000000
0.156578 1999.000000
0.157079 1999.000000
0.157579 1999.000000
0.158079 1999.000000
0.158579 1999.000000
0.159080 1999.000000
0.159580 1999.000000
0.160080 1999.000000
0.160580 1999.000000
0.161081 1999.000000
0.161581 1999.000000
0.162081 1999.000000
0.162581 1999.000000
0.163082 1999.000000
0.163582 1999.000000
0.164082 1999.000000
0.164582 1999.000000
0.165083 1999.000000
0.165583 1999.000000
0.166083 1999.000000
0.166583 1999.000000
0.167084 1999.000000
0.167584 1999.000000
0.168084 1999.000000
0.168584 1999.000000
0.169085 1999.000000
0.169585 1999.000000
0.170085 1999.000000
0.170585 1999.000000
0.171086 1999.000000
0.171586 1999.000000
0.172086 1999.000000
0.172586 1999.000000
0.173087 1999.000000
0.173587 1999.000000
0.174087 1999.000000
0.174587 1999.000000
0.175088 1999.000000
0.175588 1999.000000
0.176088 1999.000000
0.176588 1999.000000
0.177089 1999.000000
0.177589 1999.000000
0.178089 1999.000000
0.178589 1999.000000
0.179090 1999.000000
0.179590 1999.000000
0.180090 1999.000000
0.180590 1999.000000
0.181091 1999.000000
0.181591 1999.000000
0.182091 1999.000000
0.182591 1999.000000
0.183092 1999.000000
0.183592 1999.000000
0.184092 1999.000000
0.184592 1999.000000
0.185093 1999.000000
0.185593 1999.000000
0.186093 1999.000000
0.186593 1999.000000
0.187094 1999.000000
0.187594 1999.000000
0.188094 1999.000000
0.188594 1999.000000
0.189095 1999.000000
0.189595 1999.000000
0.190095 1999.000000
0.190595 1999.000000
0.191096 1999.000000
0.191596 1999.000000
0.192096 1999.000000
0.192596 1999.000000
0.193097 1999.000000
0.193597 1999.000000
0.194097 1999.000000
0.194597 1999.000000
0.195098 1999.000000
0.195598 1999.000000
0.196098 1999.000000
0.196598 1999.000000
0.197099 1999.000000
0.197599 1999.000000
0.198099 1999.000000
0.198599 1999.000000
0.199100 1999.000000
0.199600 1999.000000
0.200100 1999.000000
0.200600 1999.000000
0.201101 1999.000000
0.201601 1999.000000
0.202101 1999.000000
0.202601 1999.000000
0.203102 1999.000000
0.203602 1999.000000
0.204102 1999.000000
0.204602 1999.000000
0.205103 1999.000000
0.205603 1999.000000
0.206103 1999.000000
0.206603 1999.000000
0.207104 1999.000000
0.207604 1999.000000
0.208104 1999.000000
0.208604 1999.000000
0.209105 1999.000000
0.209605 1999.000000
0.210105 1999.000000
0.210605 1999.000000
0.211106 1999.000000
0.211606 1999.000000
0.212106 1999.000000
0.212606 1999.000000
0.213107 1999.000000
0.213607 1999.000000
0.214107 1999.000000
0.214607 1999.000000
0.215108 1999.000000
0.215608 1999.000000
0.216108 1999.000000
0.216608 1999.000000
0.217109 1999.000000
0.217609 1999.000000
0.218109 1999.000000
0.218609 1999.000000
0.219110 1999.000000
0.219610 1999.000000
0.220110 1999.000000
0.220610 1999.000000
0.221111 1999.000000
0.221611 1999.000000
0.222111 1999.000000
0.222611 1999.000000
0.223112 1999.000000
0.223612 1999.000000
0.224112 1999.000000
0.224612 1999.000000
0.225113 1999.000000
0.225613 1999.000000
0.226113 1999.000000
0.226613 1999.000000
0.227114 1999.000000
0.227614 1999.000000
0.228114 1999.000000
0.228614 1999.000000
0.229115 1999.000000
0.229615 1999.000000
0.230115 1999.000000
0.230615 1999.000000
0.231116 1999.000000
0.231616 1999.000000
0.232116 1999.000000
0.232616 1999.000000
0.233117 1999.000000
0.233617 1999.000000
0.234117 1999.000000
0.234617 1999.000000
0.235118 1999.000000
0.235618 1999.000000
0.236118 1999.000000
0.236618 1999.000000
0.237119 1999.000000
0.237619 1999.000000
0.238119 1999.000000
0.238619 1999.000000
0.239120 1999.000000
0.239620 1999.000000
0.240120 1999.000000
0.240620 1999.000000
0.241121 1999.000000
0.241621 1999.000000
0.242121 1999.000000
0.242621 1999.000000
0.243122 1999.000000
0.243622 1999.000000
0.244122 1999.000000
0.244622 1999.000000
0.245123 1999.000000
0.245623 1999.000000
0.246123 1999.000000
0.246623 1999.000000
0.247124 1999.000000
0.247624 1999.000000
0.248124 1999.000000
0.248624 1999.000000
0.249125 1999.000000
0.249625 1999.000000
0.250125 1999.000000
0.250625 1999.000000
0.251126 1999.000000
0.251626 1999.000000
0.252126 1999.000000
0.252626 1999.000000
0.253127 1999.000000
0.253627 1999.000000
0.254127 1999.000000
0.254627 1999.000000
0.255128 1999.000000
0.255628 1999.000000
0.256128 1999.000000
0.256628 1999.000000
0.257129 1999.000000
0.257629 1999.000000
0.258129 1999.000000
0.258629 1999.000000
0.259130 1999.000000
0.259630 1999.000000
0.260130 1999.000000
0.260630 1999.000000
0.261131 1999.000000
0.261631 1999.000000
0.262131 1999.000000
0.262631 1999.000000
0.263132 1999.000000
0.263632 1999.000000
0.264132 1999.000000
0.264632 1999.000000
0.265133 1999.000000
0.265633 1999.000000
0.266133 1999.000000
0.266633 1999.000000
0.267134 1999.000000
0.267634 1999.000000
0.268134 1999.000000
0.268634 1999.000000
0.269135 1999.000000
0.269635 1999.000000
0.270135 1999.000000
0.270635 1999.000000
0.271136 1999.000000
0.271636 1999.000000
0.272136 1999.000000
0.272636 1999.000000
0.273137 1999.000000
0.273637 1999.000000
0.274137 1999.000000
0.274637 1999.000000
0.275138 1999.000000
0.275638 1999.000000
0.276138 1999.000000
0.276638 1999.000000
0.277139 1999.000000
0.277639 1999.000000
0.278139 1999.000000
0.278639 1999.000000
0.279140 1999.000000
0.279640 1999.000000
0.280140 1999.000000
0.280640 1999.000000
0.281141 1999.000000
0.281641 1999.000000
0.282141 1999.000000
0.282641 1999.000000
0.283142 1999.000000
0.283642 1999.000000
0.284142 1999.000000
0.284642 1999.000000
0.285143 1999.000000
0.285643 1999.000000
0.286143 1999.000000
0.286643 1999.000000
0.287144 1999.000000
0.287644 1999.000000
0.288144 1999.000000
0.288644 1999.000000
0.289145 1999.000000
0.289645 1999.000000
0.290145 1999.000000
0.290645 1999.000000
0.291146 1999.000000
0.291646 1999.000000
0.292146 1999.000000
0.292646 1999.000000
0.293147 1999.000000
0.293647 1999.000000
0.294147 1999.000000
0.294647 1999.000000
0.295148 1999.000000
0.295648 1999.000000
0.296148 1999.000000
0.296648 1999.000000
0.297149 1999.000000
0.297649 1999.000000
0.298149 1999.000000
0.298649 1999.000000
0.299150 1999.000000
0.299650 1999.000000
0.300150 1999.000000
0.300650 1999.000000
0.301151 1999.000000
0.301651 1999.000000
0.302151 1999.000000
0.302651 1999.000000
0.303152 1999.000000
0.303652 1999.000000
0.304152 1999.000000
0.304652 1999.000000
0.305153 1999.000000
0.305653 1999.000000
0.306153 1999.000000
0.306653 1999.000000
0.307154 1999.000000
0.307654 1999.000000
0.308154 1999.000000
0.308654 1999.000000
0.309155 1999.000000
0.309655 1999.000000
0.310155 1999.000000
0.310655 1999.000000
0.311156 1999.000000
0.311656 1999.000000
0.312156 1999.000000
0.312656 1999.000000
0.313157 1999.000000
0.313657 1999.000000
0.314157 1999.000000
0.314657 1999.000000
0.315158 1999.000000
0.315658 1999.000000
0.316158 1999.000000
0.316658 1999.000000
0.317159 1999.000000
0.317659 1999.000000
0.318159 1999.000000
0.318659 1999.000000
0.319160 1999.000000
0.319660 1999.000000
0.320160 1999.000000
0.320660 1999.000000
0.321161 1999.000000
0.321661 1999.000000
0.322161 1999.000000
0.322661 1999.000000
0.323162 1999.000000
0.323662 1999.000000
0.324162 1999.000000
0.324662 1999.000000
0.325163 1999.000000
0.325663 1999.000000
0.326163 1999.000000
0.326663 1999.000000
0.327164 1999.000000
0.327664 1999.000000
0.328164 1999.000000
0.328664 1999.000000
0.329165 1999.000000
0.329665 1999.000000
0.330165 1999.000000
0.330665 1999.000000
0.331166 1999.000000
0.331666 1999.000000
0.332166 1999.000000
0.332666 1999.000000
0.333167 1999.000000
0.333667 1999.000000
0.334167 1999.000000
0.334667 1999.000000
0.335168 1999.000000
0.335668 1999.000000
0.336168 1999.000000
0.336668 1999.000000
0.337169 1999.000000
0.337669 1999.000000
0.338169 1999.000000
0.338669 1999.000000
0.339170 1999.000000
0.339670 1999.000000
0.340170 1999.000000
0.340670 1999.000000
0.341171 1999.000000
0.341671 1999.000000
0.342171 1999.000000
0.342671 1999.000000
0.343172 1999.000000
0.343672 1999.000000
0.344172 1999.000000
0.344672 1999.000000
0.345173 1999.000000
0.345673 1999.000000
0.346173 1999.000000
0.346673 1999.000000
0.347174 1999.000000
0.347674 1999.000000
0.348174 1999.000000
0.348674 1999.000000
0.349175 1999.000000
0.349675 1999.000000
0.350175 1999.000000
0.350675 1999.000000
0.351176 1999.000000
0.351676 1999.000000
0.352176 1999.000000
0.352676 1999.000000
0.353177 1999.000000
0.353677 1999.000000
0.354177 1999.000000
0.354677 1999.000000
0.355178 1999.000000
0.355678 1999.000000
0.356178 1999.000000
0.356678 1999.000000
0.357179 1999.000000
0.357679 1999.000000
0.358179 1999.000000
0.358679 1999.000000
0.359180 1999.000000
0.359680 1999.000000
0.360180 1999.000000
0.360680 1999.000000
0.361181 1999.000000
0.361681 1999.000000
0.362181 1999.000000
0.362681 1999.000000
0.363182 1999.000000
0.363682 1999.000000
0.364182 1999.000000
0.364682 1999.000000
0.365183 1999.000000
0.365683 1999.000000
0.366183 1999.000000
0.366683 1999.000000
0.367184 1999.000000
0.367684 1999.000000
0.368184 1999.000000
0.368684 1999.000000
0.369185 1999.000000
0.369685 1999.000000
0.370185 1999.000000
0.370685 1999.000000
0.371186 1999.000000
0.371686 1999.000000
0.372186 1999.000000
0.372686 1999.000000
0.373187 1999.000000
0.373687 1999.000000
0.374187 1999.000000
0.374687 1999.000000
0.375188 1999.000000
0.375688 1999.000000
0.376188 1999.000000
0.376688 1999.000000
0.377189 1999.000000
0.377689 1999.000000
0.378189 1999.000000
0.378689 1999.000000
0.379190 1999.000000
0.379690 1999.000000
0.380190 1999.000000
0.380690 1999.000000
0.381191 1999.000000
0.381691 1999.000000
0.382191 1999.000000
0.382691 1999.000000
0.383192 1999.000000
0.383692 1999.000000
0.384192 1999.000000
0.384692 1999.000000
0.385193 1999.000000
0.385693 1999.000000
0.386193 1999.000000
0.386693 1999.000000
0.387194 1999.000000
0.387694 1999.000000
0.388194 1999.000000
0.388694 1999.000000
0.389195 1999.000000
0.389695 1999.000000
0.390195 1999.000000
0.390695 1999.000000
0.391196 1999.000000
0.391696 1999.000000
0.392196 1999.000000
0.392696 1999.000000
0.393197 1999.000000
0.393697 1999.000000
0.394197 1999.000000
0.394697 1999.000000
0.395198 1999.000000
0.395698 1999.000000
0.396198 1999.000000
0.396698 1999.000000
0.397199 1999.000000
0.397699 1999.000000
0.398199 1999.000000
0.398699 1999.000000
0.399200 1999.000000
0.399700 1999.000000
0.400200 1999.000000
0.400700 1999.000000
0.401201 1999.000000
0.401701 1999.000000
0.402201 1999.000000
0.402701 1999.000000
0.403202 1999.000000
0.403702 1999.000000
0.404202 1999.000000
0.404702 1999.000000
0.405203 1999.000000
0.405703 1999.000000
0.406203 1999.000000
0.406703 1999.000000
0.407204 1999.000000
0.407704 1999.000000
0.408204 1999.000000
0.408704 1999.000000
0.409205 1999.000000
0.409705 1999.000000
0.410205 1999.000000
0.410705 1999.000000
0.411206 1999.000000
0.411706 1999.000000
0.412206 1999.000000
0.412706 1999.000000
0.413207 1999.000000
0.413707 1999.000000
0.414207 1999.000000
0.414707 1999.000000
0.415208 1999.000000
0.415708 1999.000000
0.416208 1999.000000
0.416708 1999.000000
0.417209 1999.000000
0.417709 1999.000000
0.418209 1999.000000
0.418709 1999.000000
0.419210 1999.000000
0.419710 1999.000000
0.420210 1999.000000
0.420710 1999.000000
0.421211 1999.000000
0.421711 1999.000000
0.422211 1999.000000
0.422711 1999.000000
0.423212 1999.000000
0.423712 1999.000000
0.424212 1999.000000
0.424712 1999.000000
0.425213 1999.000000
0.425713 1999.000000
0.426213 1999.000000
0.426713 1999.000000
0.427214 1999.000000
0.427714 1999.000000
0.428214 1999.000000
0.428714 1999.000000
0.429215 1999.000000
0.429715 1999.000000
0.430215 1999.000000
0.430715 1999.000000
0.431216 1999.000000
0.431716 1999.000000
0.432216 1999.000000
0.432716 1999.000000
0.433217 1999.000000
0.433717 1999.000000
0.434217 1999.000000
0.434717 1999.000000
0.435218 1999.000000
0.435718 1999.000000
0.436218 1999.000000
0.436718 1999.000000
0.437219 1999.000000
0.437719 1999.000000
0.438219 1999.000000
0.438719 1999.000000
0.439220 1999.000000
0.439720 1999.000000
0.440220 1999.000000
0.440720 1999.000000
0.441221 1999.000000
0.441721 1999.000000
0.442221 1999.000000
0.442721 1999.000000
0.443222 1999.000000
0.443722 1999.000000
0.444222 1999.000000
0.444722 1999.000000
0.445223 1999.000000
0.445723 1999.000000
0.446223 1999.000000
0.446723 1999.000000
0.447224 1999.000000
0.447724 1999.000000
0.448224 1999.000000
0.448724 1999.000000
0.449225 1999.000000
0.449725 1999.000000
0.450225 1999.000000
0.450725 1999.000000
0.451226 1999.000000
0.451726 1999.000000
0.452226 1999.000000
0.452726 1999.000000
0.453227 1999.000000
0.453727 1999.000000
0.454227 1999.000000
0.454727 1999.000000
0.455228 1999.000000
0.455728 1999.000000
0.456228 1999.000000
0.456728 1999.000000
0.457229 1999.000000
0.457729 1999.000000
0.458229 1999.000000
0.458729 1999.000000
0.459230 1999.000000
0.459730 1999.000000
0.460230 1999.000000
0.460730 1999.000000
0.461231 1999.000000
0.461731 1999.000000
0.462231 1999.000000
0.462731 1999.000000
0.463232 1999.000000
0.463732 1999.000000
0.464232 1999.000000
0.464732 1999.000000
0.465233 1999.000000
0.465733 1999.000000
0.466233 1999.000000
0.466733 1999.000000
0.467234 1999.000000
0.467734 1999.000000
0.468234 1998.999999
0.468734 1998.999999
0.469235 1998.999999
0.469735 1998.999997
0.470235 1998.999996
0.470735 1998.999993
0.471236 1998.999989
0.471736 1998.999982
0.472236 1998.999972
0.472736 1998.999957
0.473237 1998.999936
0.473737 1998.999906
0.474237 1998.999866
0.474737 1998.999811
0.475238 1998.999797
0.475738 1999.000090
0.476238 1999.001364
0.476738 1999.004904
0.477239 1999.012806
0.477739 1999.028181
0.478239 1999.055354
0.478739 1999.100079
0.479240 1999.169739
0.479740 1999.273556
0.480240 1999.422805
0.480740 1999.631022
0.481241 1999.913923
0.481741 2000.289136
0.482241 2000.775393
0.482741 2001.391044
0.483242 2002.152757
0.483742 2003.074243
0.484242 2004.164994
0.484742 2005.429013
0.485243 2006.863535
0.485743 2008.457553
0.486243 2010.191261
0.486743 2012.032711
0.487244 2013.936590
0.487743 2015.840016
0.488241 2017.664917
0.488738 2019.324126
0.489233 2020.725640
0.489727 2021.774207
0.490219 2022.371822
0.490710 2022.426176
0.491200 2021.856566
0.491688 2020.603462
0.492175 2018.802496
0.492661 2016.312668
0.493145 2013.133778
0.493628 2009.300427
0.494112 2004.835997
0.494600 1999.778022
0.495093 1994.231002
0.495589 1988.329363
0.496090 1982.224123
0.496595 1976.090353
0.497104 1970.131072
0.497618 1964.577767
0.498136 1959.679678
0.498658 1955.682165
0.499184 1952.787702
0.499715 1951.127529
0.500250 1950.765894
0.500785 1951.127529
0.501316 1952.787702
0.501842 1955.682165
0.502364 1959.679678
0.502882 1964.577767
0.503396 1970.131072
0.503905 1976.090353
0.504410 1982.224123
0.504911 1988.329363
0.505408 1994.231002
0.505900 1999.778022
0.506388 2004.835997
0.506872 2009.300427
0.507355 2013.133778
0.507839 2016.312668
0.508325 2018.802496
0.508812 2020.603462
0.509300 2021.856566
0.509790 2022.426176
0.510281 2022.371822
0.510773 2021.774207
0.511267 2020.725640
0.511762 2019.324126
0.512259 2017.664917
0.512757 2015.840016
0.513257 2013.936590
0.513757 2012.032711
0.514257 2010.191261
0.514757 2008.457553
0.515258 2006.863535
0.515758 2005.429013
0.516258 2004.164994
0.516758 2003.074243
0.517259 2002.152757
0.517759 2001.391044
0.518259 2000.775393
0.518759 2000.289136
0.519260 1999.913923
0.519760 1999.631022
0.520260 1999.422805
0.520760 1999.273556
0.521261 1999.169739
0.521761 1999.100079
0.522261 1999.055354
0.522761 1999.028181
0.523262 1999.012806
0.523762 1999.004904
0.524262 1999.001364
0.524762 1999.000090
0.525263 1998.999797
0.525763 1998.999811
0.526263 1998.999866
0.526763 1998.999906
0.527264 1998.999936
0.527764 1998.999957
0.528264 1998.999972
0.528764 1998.999982
0.529265 1998.999989
0.529765 1998.999993
0.530265 1998.999996
0.530765 1998.999997
0.531266 1998.999999
0.531766 1998.999999
0.532266 1998.999999
0.532766 1999.000000
0.533267 1999.000000
0.533767 1999.000000
0.534267 1999.000000
0.534767 1999.000000
0.535268 1999.000000
0.535768 1999.000000
0.536268 1999.000000
0.536768 1999.000000
0.537269 1999.000000
0.537769 1999.000000
0.538269 1999.000000
0.538769 1999.000000
0.539270 1999.000000
0.539770 1999.000000
0.540270 1999.000000
0.540770 1999.000000
0.541271 1999.000000
0.541771 1999.000000
0.542271 1999.000000
0.542771 1999.000000
0.543272 1999.000000
0.543772 1999.000000
0.544272 1999.000000
0.544772 1999.000000
0.545273 1999.000000
0.545773 1999.000000
0.546273 1999.000000
0.546773 1999.000000
0.547274 1999.000000
0.547774 1999.000000
0.548274 1999.000000
0.548774 1999.000000
0.549275 1999.000000
0.549775 1999.000000
0.550275 1999.000000
0.550775 1999.000000
0.551276 1999.000000
0.551776 1999.000000
0.552276 1999.000000
0.552776 1999.000000
0.553277 1999.000000
0.553777 1999.000000
0.554277 1999.000000
0.554777 1999.000000
0.555278 1999.000000
0.555778 1999.000000
0.556278 1999.000000
0.556778 1999.000000
0.557279 1999.000000
0.557779 1999.000000
0.558279 1999.000000
0.558779 1999.000000
0.559280 1999.000000
0.559780 1999.000000
0.560280 1999.000000
0.560780 1999.000000
0.561281 1999.000000
0.561781 1999.000000
0.562281 1999.000000
0.562781 1999.000000
0.563282 1999.000000
0.563782 1999.000000
0.564282 1999.000000
0.564782 1999.000000
0.565283 1999.000000
0.565783 1999.000000
0.566283 1999.000000
0.566783 1999.000000
0.567284 1999.000000
0.567784 1999.000000
0.568284 1999.000000
0.568784 1999.000000
0.569285 1999.000000
0.569785 1999.000000
0.570285 1999.000000
0.570785 1999.000000
0.571286 1999.000000
0.571786 1999.000000
0.572286 1999.000000
0.572786 1999.000000
0.573287 1999.000000
0.573787 1999.000000
0.574287 1999.000000
0.574787 1999.000000
0.575288 1999.000000
0.575788 1999.000000
0.576288 1999.000000
0.576788 1999.000000
0.577289 1999.000000
0.577789 1999.000000
0.578289 1999.000000
0.578789 1999.000000
0.579290 1999.000000
0.579790 1999.000000
0.580290 1999.000000
0.580790 1999.000000
0.581291 1999.000000
0.581791 1999.000000
0.582291 1999.000000
0.582791 1999.000000
0.583292 1999.000000
0.583792 1999.000000
0.584292 1999.000000
0.584792 1999.000000
0.585293 1999.000000
0.585793 1999.000000
0.586293 1999.000000
0.586793 1999.000000
0.587294 1999.000000
0.587794 1999.000000
0.588294 1999.000000
0.588794 1999.000000
0.589295 1999.000000
0.589795 1999.000000
0.590295 1999.000000
0.590795 1999.000000
0.591296 1999.000000
0.591796 1999.000000
0.592296 1999.000000
0.592796 1999.000000
0.593297 1999.000000
0.593797 1999.000000
0.594297 1999.000000
0.594797 1999.000000
0.595298 1999.000000
0.595798 1999.000000
0.596298 1999.000000
0.596798 1999.000000
0.597299 1999.000000
0.597799 1999.000000
0.598299 1999.000000
0.598799 1999.000000
0.599300 1999.000000
0.599800 1999.000000
0.600300 1999.000000
0.600800 1999.000000
0.601301 1999.000000
0.601801 1999.000000
0.602301 1999.000000
0.602801 1999.000000
0.603302 1999.000000
0.603802 1999.000000
0.604302 1999.000000
0.604802 1999.000000
0.605303 1999.000000
0.605803 1999.000000
0.606303 1999.000000
0.606803 1999.000000
0.607304 1999.000000
0.607804 1999.000000
0.608304 1999.000000
0.608804 1999.000000
0.609305 1999.000000
0.609805 1999.000000
0.610305 1999.000000
0.610805 1999.000000
0.611306 1999.000000
0.611806 1999.000000
0.612306 1999.000000
0.612806 1999.000000
0.613307 1999.000000
0.613807 1999.000000
0.614307 1999.000000
0.614807 1999.000000
0.615308 1999.000000
0.615808 1999.000000
0.616308 1999.000000
0.616808 1999.000000
0.617309 1999.000000
0.617809 1999.000000
0.618309 1999.000000
0.618809 1999.000000
0.619310 1999.000000
0.619810 1999.000000
0.620310 1999.000000
0.620810 1999.000000
0.621311 1999.000000
0.621811 1999.000000
0.622311 1999.000000
0.622811 1999.000000
0.623312 1999.000000
0.623812 1999.000000
0.624312 1999.000000
0.624812 1999.000000
0.625313 1999.000000
0.625813 1999.000000
0.626313 1999.000000
0.626813 1999.000000
0.627314 1999.000000
0.627814 1999.000000
0.628314 1999.000000
0.628814 1999.000000
0.629315 1999.000000
0.629815 1999.000000
0.630315 1999.000000
0.630815 1999.000000
0.631316 1999.000000
0.631816 1999.000000
0.632316 1999.000000
0.632816 1999.000000
0.633317 1999.000000
0.633817 1999.000000
0.634317 1999.000000
0.634817 1999.000000
0.635318 1999.000000
0.635818 1999.000000
0.636318 1999.000000
0.636818 1999.000000
0.637319 1999.000000
0.637819 1999.000000
0.638319 1999.000000
0.638819 1999.000000
0.639320 1999.000000
0.639820 1999.000000
0.640320 1999.000000
0.640820 1999.000000
0.641321 1999.000000
0.641821 1999.000000
0.642321 1999.000000
0.642821 1999.000000
0.643322 1999.000000
0.643822 1999.000000
0.644322 1999.000000
0.644822 1999.000000
0.645323 1999.000000
0.645823 1999.000000
0.646323 1999.000000
0.646823 1999.000000
0.647324 1999.000000
0.647824 1999.000000
0.648324 1999.000000
0.648824 1999.000000
0.649325 1999.000000
0.649825 1999.000000
0.650325 1999.000000
0.650825 1999.000000
0.651326 1999.000000
0.651826 1999.000000
0.652326 1999.000000
0.652826 1999.000000
0.653327 1999.000000
0.653827 1999.000000
0.654327 1999.000000
0.654827 1999.000000
0.655328 1999.000000
0.655828 1999.000000
0.656328 1999.000000
0.656828 1999.000000
0.657329 1999.000000
0.657829 1999.000000
0.658329 1999.000000
0.658829 1999.000000
0.659330 1999.000000
0.659830 1999.000000
0.660330 1999.000000
0.660830 1999.000000
0.661331 1999.000000
0.661831 1999.000000
0.662331 1999.000000
0.662831 1999.000000
0.663332 1999.000000
0.663832 1999.000000
0.664332 1999.000000
0.664832 1999.000000
0.665333 1999.000000
0.665833 1999.000000
0.666333 1999.000000
0.666833 1999.000000
0.667334 1999.000000
0.667834 1999.000000
0.668334 1999.000000
0.668834 1999.000000
0.669335 1999.000000
0.669835 1999.000000
0.670335 1999.000000
0.670835 1999.000000
0.671336 1999.000000
0.671836 1999.000000
0.672336 1999.000000
0.672836 1999.000000
0.673337 1999.000000
0.673837 1999.000000
0.674337 1999.000000
0.674837 1999.000000
0.675338 1999.000000
0.675838 1999.000000
0.676338 1999.000000
0.676838 1999.000000
0.677339 1999.000000
0.677839 1999.000000
0.678339 1999.000000
0.678839 1999.000000
0.679340 1999.000000
0.679840 1999.000000
0.680340 1999.000000
0.680840 1999.000000
0.681341 1999.000000
0.681841 1999.000000
0.682341 1999.000000
0.682841 1999.000000
0.683342 1999.000000
0.683842 1999.000000
0.684342 1999.000000
0.684842 1999.000000
0.685343 1999.000000
0.685843 1999.000000
0.686343 1999.000000
0.686843 1999.000000
0.687344 1999.000000
0.687844 1999.000000
0.688344 1999.000000
0.688844 1999.000000
0.689345 1999.000000
0.689845 1999.000000
0.690345 1999.000000
0.690845 1999.000000
0.691346 1999.000000
0.691846 1999.000000
0.692346 1999.000000
0.692846 1999.000000
0.693347 1999.000000
0.693847 1999.000000
0.694347 1999.000000
0.694847 1999.000000
0.695348 1999.000000
0.695848 1999.000000
0.696348 1999.000000
0.696848 1999.000000
0.697349 1999.000000
0.697849 1999.000000
0.698349 1999.000000
0.698849 1999.000000
0.699350 1999.000000
0.699850 1999.000000
0.700350 1999.000000
0.700850 1999.000000
0.701351 1999.000000
0.701851 1999.000000
0.702351 1999.000000
0.702851 1999.000000
0.703352 1999.000000
0.703852 1999.000000
0.704352 1999.000000
0.704852 1999.000000
0.705353 1999.000000
0.705853 1999.000000
0.706353 1999.000000
0.706853 1999.000000
0.707354 1999.000000
0.707854 1999.000000
0.708354 1999.000000
0.708854 1999.000000
0.709355 1999.000000
0.709855 1999.000000
0.710355 1999.000000
0.710855 1999.000000
0.711356 1999.000000
0.711856 1999.000000
0.712356 1999.000000
0.712856 1999.000000
0.713357 1999.000000
0.713857 1999.000000
0.714357 1999.000000
0.714857 1999.000000
0.715358 1999.000000
0.715858 1999.000000
0.716358 1999.000000
0.716858 1999.000000
0.717359 1999.000000
0.717859 1999.000000
0.718359 1999.000000
0.718859 1999.000000
0.719360 1999.000000
0.719860 1999.000000
0.720360 1999.000000
0.720860 1999.000000
0.721361 1999.000000
0.721861 1999.000000
0.722361 1999.000000
0.722861 1999.000000
0.723362 1999.000000
0.723862 1999.000000
0.724362 1999.000000
0.724862 1999.000000
0.725363 1999.000000
0.725863 1999.000000
0.726363 1999.000000
0.726863 1999.000000
0.727364 1999.000000
0.727864 1999.000000
0.728364 1999.000000
0.728864 1999.000000
0.729365 1999.000000
0.729865 1999.000000
0.730365 1999.000000
0.730865 1999.000000
0.731366 1999.000000
0.731866 1999.000000
0.732366 1999.000000
0.732866 1999.000000
0.733367 1999.000000
0.733867 1999.000000
0.734367 1999.000000
0.734867 1999.000000
0.735368 1999.000000
0.735868 1999.000000
0.736368 1999.000000
0.736868 1999.000000
0.737369 1999.000000
0.737869 1999.000000
0.738369 1999.000000
0.738869 1999.000000
0.739370 1999.000000
0.739870 1999.000000
0.740370 1999.000000
0.740870 1999.000000
0.741371 1999.000000
0.741871 1999.000000
0.742371 1999.000000
0.742871 1999.000000
0.743372 1999.000000
0.743872 1999.000000
0.744372 1999.000000
0.744872 1999.000000
0.745373 1999.000000
0.745873 1999.000000
0.746373 1999.000000
0.746873 1999.000000
0.747374 1999.000000
0.747874 1999.000000
0.748374 1999.000000
0.748874 1999.000000
0.749375 1999.000000
0.749875 1999.000000
0.750375 1999.000000
0.750875 1999.000000
0.751376 1999.000000
0.751876 1999.000000
0.752376 1999.000000
0.752876 1999.000000
0.753377 1999.000000
0.753877 1999.000000
0.754377 1999.000000
0.754877 1999.000000
0.755378 1999.000000
0.755878 1999.000000
0.756378 1999.000000
0.756878 1999.000000
0.757379 1999.000000
0.757879 1999.000000
0.758379 1999.000000
0.758879 1999.000000
0.759380 1999.000000
0.759880 1999.000000
0.760380 1999.000000
0.760880 1999.000000
0.761381 1999.000000
0.761881 1999.000000
0.762381 1999.000000
0.762881 1999.000000
0.763382 1999.000000
0.763882 1999.000000
0.764382 1999.000000
0.764882 1999.000000
0.765383 1999.000000
0.765883 1999.000000
0.766383 1999.000000
0.766883 1999.000000
0.767384 1999.000000
0.767884 1999.000000
0.768384 1999.000000
0.768884 1999.000000
0.769385 1999.000000
0.769885 1999.000000
0.770385 1999.000000
0.770885 1999.000000
0.771386 1999.000000
0.771886 1999.000000
0.772386 1999.000000
0.772886 1999.000000
0.773387 1999.000000
0.773887 1999.000000
0.774387 1999.000000
0.774887 1999.000000
0.775388 1999.000000
0.775888 1999.000000
0.776388 1999.000000
0.776888 1999.000000
0.777389 1999.000000
0.777889 1999.000000
0.778389 1999.000000
0.778889 1999.000000
0.779390 1999.000000
0.779890 1999.000000
0.780390 1999.000000
0.780890 1999.000000
0.781391 1999.000000
0.781891 1999.000000
0.782391 1999.000000
0.782891 1999.000000
0.783392 1999.000000
0.783892 1999.000000
0.784392 1999.000000
0.784892 1999.000000
0.785393 1999.000000
0.785893 1999.000000
0.786393 1999.000000
0.786893 1999.000000
0.787394 1999.000000
0.787894 1999.000000
0.788394 1999.000000
0.788894 1999.000000
0.789395 1999.000000
0.789895 1999.000000
0.790395 1999.000000
0.790895 1999.000000
0.791396 1999.000000
0.791896 1999.000000
0.792396 1999.000000
0.792896 1999.000000
0.793397 1999.000000
0.793897 1999.000000
0.794397 1999.000000
0.794897 1999.000000
0.795398 1999.000000
0.795898 1999.000000
0.796398 1999.000000
0.796898 1999.000000
0.797399 1999.000000
0.797899 1999.000000
0.798399 1999.000000
0.798899 1999.000000
0.799400 1999.000000
0.799900 1999.000000
0.800400 1999.000000
0.800900 1999.000000
0.801401 1999.000000
0.801901 1999.000000
0.802401 1999.000000
0.802901 1999.000000
0.803402 1999.000000
0.803902 1999.000000
0.804402 1999.000000
0.804902 1999.000000
0.805403 1999.000000
0.805903 1999.000000
0.806403 1999.000000
0.806903 1999.000000
0.807404 1999.000000
0.807904 1999.000000
0.808404 1999.000000
0.808904 1999.000000
0.809405 1999.000000
0.809905 1999.000000
0.810405 1999.000000
0.810905 1999.000000
0.811406 1999.000000
0.811906 1999.000000
0.812406 1999.000000
0.812906 1999.000000
0.813407 1999.000000
0.813907 1999.000000
0.814407 1999.000000
0.814907 1999.000000
0.815408 1999.000000
0.815908 1999.000000
0.816408 1999.000000
0.816908 1999.000000
0.817409 1999.000000
0.817909 1999.000000
0.818409 1999.000000
0.818909 1999.000000
0.819410 1999.000000
0.819910 1999.000000
0.820410 1999.000000
0.820910 1999.000000
0.821411 1999.000000
0.821911 1999.000000
0.822411 1999.000000
0.822911 1999.000000
0.823412 1999.000000
0.823912 1999.000000
0.824412 1999.000000
0.824912 1999.000000
0.825413 1999.000000
0.825913 1999.000000
0.826413 1999.000000
0.826913 1999.000000
0.827414 1999.000000
0.827914 1999.000000
0.828414 1999.000000
0.828914 1999.000000
0.829415 1999.000000
0.829915 1999.000000
0.830415 1999.000000
0.830915 1999.000000
0.831416 1999.000000
0.831916 1999.000000
0.832416 1999.000000
0.832916 1999.000000
0.833417 1999.000000
0.833917 1999.000000
0.834417 1999.000000
0.834917 1999.000000
0.835418 1999.000000
0.835918 1999.000000
0.836418 1999.000000
0.836918 1999.000000
0.837419 1999.000000
0.837919 1999.000000
0.838419 1999.000000
0.838919 1999.000000
0.839420 1999.000000
0.839920 1999.000000
0.840420 1999.000000
0.840920 1999.000000
0.841421 1999.000000
0.841921 1999.000000
0.842421 1999.000000
0.842921 1999.000000
0.843422 1999.000000
0.843922 1999.000000
0.844422 1999.000000
0.844922 1999.000000
0.845423 1999.000000
0.845923 1999.000000
0.846423 1999.000000
0.846923 1999.000000
0.847424 1999.000000
0.847924 1999.000000
0.848424 1999.000000
0.848924 1999.000000
0.849425 1999.000000
0.849925 1999.000000
0.850425 1999.000000
0.850925 1999.000000
0.851426 1999.000000
0.851926 1999.000000
0.852426 1999.000000
0.852926 1999.000000
0.853427 1999.000000
0.853927 1999.000000
0.854427 1999.000000
0.854927 1999.000000
0.855428 1999.000000
0.855928 1999.000000
0.856428 1999.000000
0.856928 1999.000000
0.857429 1999.000000
0.857929 1999.000000
0.858429 1999.000000
0.858929 1999.000000
0.859430 1999.000000
0.859930 1999.000000
0.860430 1999.000000
0.860930 1999.000000
0.861431 1999.000000
0.861931 1999.000000
0.862431 1999.000000
0.862931 1999.000000
0.863432 1999.000000
0.863932 1999.000000
0.864432 1999.000000
0.864932 1999.000000
0.865433 1999.000000
0.865933 1999.000000
0.866433 1999.000000
0.866933 1999.000000
0.867434 1999.000000
0.867934 1999.000000
0.868434 1999.000000
0.868934 1999.000000
0.869435 1999.000000
0.869935 1999.000000
0.870435 1999.000000
0.870935 1999.000000
0.871436 1999.000000
0.871936 1999.000000
0.872436 1999.000000
0.872936 1999.000000
0.873437 1999.000000
0.873937 1999.000000
0.874437 1999.000000
0.874937 1999.000000
0.875438 1999.000000
0.875938 1999.000000
0.876438 1999.000000
0.876938 1999.000000
0.877439 1999.000000
0.877939 1999.000000
0.878439 1999.000000
0.878939 1999.000000
0.879440 1999.000000
0.879940 1999.000000
0.880440 1999.000000
0.880940 1999.000000
0.881441 1999.000000
0.881941 1999.000000
0.882441 1999.000000
0.882941 1999.000000
0.883442 1999.000000
0.883942 1999.000000
0.884442 1999.000000
0.884942 1999.000000
0.885443 1999.000000
0.885943 1999.000000
0.886443 1999.000000
0.886943 1999.000000
0.887444 1999.000000
0.887944 1999.000000
0.888444 1999.000000
0.888944 1999.000000
0.889445 1999.000000
0.889945 1999.000000
0.890445 1999.000000
0.890945 1999.000000
0.891446 1999.000000
0.891946 1999.000000
0.892446 1999.000000
0.892946 1999.000000
0.893447 1999.000000
0.893947 1999.000000
0.894447 1999.000000
0.894947 1999.000000
0.895448 1999.000000
0.895948 1999.000000
0.896448 1999.000000
0.896948 1999.000000
0.897449 1999.000000
0.897949 1999.000000
0.898449 1999.000000
0.898949 1999.000000
0.899450 1999.000000
0.899950 1999.000000
0.900450 1999.000000
0.900950 1999.000000
0.901451 1999.000000
0.901951 1999.000000
0.902451 1999.000000
0.902951 1999.000000
0.903452 1999.000000
0.903952 1999.000000
0.904452 1999.000000
0.904952 1999.000000
0.905453 1999.000000
0.905953 1999.000000
0.906453 1999.000000
0.906953 1999.000000
0.907454 1999.000000
0.907954 1999.000000
0.908454 1999.000000
0.908954 1999.000000
0.909455 1999.000000
0.909955 1999.000000
0.910455 1999.000000
0.910955 1999.000000
0.911456 1999.000000
0.911956 1999.000000
0.912456 1999.000000
0.912956 1999.000000
0.913457 1999.000000
0.913957 1999.000000
0.914457 1999.000000
0.914957 1999.000000
0.915458 1999.000000
0.915958 1999.000000
0.916458 1999.000000
0.916958 1999.000000
0.917459 1999.000000
0.917959 1999.000000
0.918459 1999.000000
0.918959 1999.000000
0.919460 1999.000000
0.919960 1999.000000
0.920460 1999.000000
0.920960 1999.000000
0.921461 1999.000000
0.921961 1999.000000
0.922461 1999.000000
0.922961 1999.000000
0.923462 1999.000000
0.923962 1999.000000
0.924462 1999.000000
0.924962 1999.000000
0.925463 1999.000000
0.925963 1999.000000
0.926463 1999.000000
0.926963 1999.000000
0.927464 1999.000000
0.927964 1999.000000
0.928464 1999.000000
0.928964 1999.000000
0.929465 1999.000000
0.929965 1999.000000
0.930465 1999.000000
0.930965 1999.000000
0.931466 1999.000000
0.931966 1999.000000
0.932466 1999.000000
0.932966 1999.000000
0.933467 1999.000000
0.933967 1999.000000
0.934467 1999.000000
0.934967 1999.000000
0.935468 1999.000000
0.935968 1999.000000
0.936468 1999.000000
0.936968 1999.000000
0.937469 1999.000000
0.937969 1999.000000
0.938469 1999.000000
0.938969 1999.000000
0.939470 1999.000000
0.939970 1999.000000
0.940470 1999.000000
0.940970 1999.000000
0.941471 1999.000000
0.941971 1999.000000
0.942471 1999.000000
0.942971 1999.000000
0.943472 1999.000000
0.943972 1999.000000
0.944472 1999.000000
0.944972 1999.000000
0.945473 1999.000000
0.945973 1999.000000
0.946473 1999.000000
0.946973 1999.000000
0.947474 1999.000000
0.947974 1999.000000
0.948474 1999.000000
0.948974 1999.000000
0.949475 1999.000000
0.949975 1999.000000
0.950475 1999.000000
0.950975 1999.000000
0.951476 1999.000000
0.951976 1999.000000
0.952476 1999.000000
0.952976 1999.000000
0.953477 1999.000000
0.953977 1999.000000
0.954477 1999.000000
0.954977 1999.000000
0.955478 1999.000000
0.955978 1999.000000
0.956478 1999.000000
0.956978 1999.000000
0.957479 1999.000000
0.957979 1999.000000
0.958479 1999.000000
0.958979 1999.000000
0.959480 1999.000000
0.959980 1999.000000
0.960480 1999.000000
0.960980 1999.000000
0.961481 1999.000000
0.961981 1999.000000
0.962481 1999.000000
0.962981 1999.000000
0.963482 1999.000000
0.963982 1999.000000
0.964482 1999.000000
0.964982 1999.000000
0.965483 1999.000000
0.965983 1999.000000
0.966483 1999.000000
0.966983 1999.000001
0.967484 1999.000001
0.967984 1999.000002
0.968484 1999.000003
0.968984 1999.000005
0.969485 1999.000008
0.969985 1999.000012
0.970485 1999.000018
0.970985 1999.000026
0.971486 1999.000037
0.971986 1999.000051
0.972486 1999.000069
0.972986 1999.000091
0.973487 1999.000119
0.973987 1999.000152
0.974487 1999.000192
0.974987 1999.000237
0.975488 1999.000288
0.975988 1999.000345
0.976488 1999.000404
0.976988 1999.000465
0.977489 1999.000525
0.977989 1999.000579
0.978489 1999.000623
0.978989 1999.000651
0.979490 1999.000657
0.979990 1999.000634
0.980490 1999.000573
0.980990 1999.000465
0.981491 1999.000302
0.981991 1999.000078
0.982491 1998.999794
0.982991 1998.999451
0.983492 1998.999052
0.983992 1998.998604
0.984492 1998.998117
0.984992 1998.997600
0.985493 1998.997070
0.985993 1998.996541
0.986493 1998.996033
0.986993 1998.995562
0.987494 1998.995148
0.987994 1998.994841
0.988494 1998.994669
0.988994 1998.994605
0.989495 1998.994619
0.989995 1998.994681
0.990495 1998.994764
0.990996 1998.994844
0.991496 1998.994906
0.991996 1998.994941
0.992496 1998.994950
0.992997 1998.994942
0.993497 1998.994931
0.993997 1998.994940
0.994497 1998.995587
0.994998 1998.996135
0.995498 1998.996603
0.995998 1998.997006
0.996498 1998.997355
0.996999 1998.997661
0.997499 1998.997932
0.997999 1998.998174
0.998499 1998.998392
0.999000 1998.998590
0.999500 1998.998771
1.000000 1998.998937
