0.000000e+00 1.496000e+11 0.000000e+00 0.000000e+00
1.576800e+07 -9.794611e+10 3.707142e+11 0.000000e+00
3.153600e+07 -3.257027e+11 5.023021e+11 0.000000e+00
4.730400e+07 -5.029078e+11 5.499499e+11 0.000000e+00
6.307200e+07 -6.396194e+11 5.522901e+11 0.000000e+00
7.884000e+07 -7.411221e+11 5.239143e+11 0.000000e+00
9.460800e+07 -8.097460e+11 4.721809e+11 0.000000e+00
1.103760e+08 -8.457703e+11 4.014094e+11 0.000000e+00
1.261440e+08 -8.475899e+11 3.144359e+11 0.000000e+00
1.419120e+08 -8.112536e+11 2.134149e+11 0.000000e+00
