0.000000e+00 1.496000e+11 0.000000e+00 0.000000e+00
1.576800e+05 1.495263e+11 4.694939e+09 0.000000e+00
3.153600e+05 1.493051e+11 9.385250e+09 0.000000e+00
4.730400e+05 1.489368e+11 1.406631e+10 0.000000e+00
6.307200e+05 1.484217e+11 1.873350e+10 0.000000e+00
7.884000e+05 1.477603e+11 2.338223e+10 0.000000e+00
9.460800e+05 1.469532e+11 2.800791e+10 0.000000e+00
1.103760e+06 1.460013e+11 3.260598e+10 0.000000e+00
1.261440e+06 1.449054e+11 3.717190e+10 0.000000e+00
1.419120e+06 1.436667e+11 4.170118e+10 0.000000e+00
1.576800e+06 1.422863e+11 4.618935e+10 0.000000e+00
1.734480e+06 1.407657e+11 5.063199e+10 0.000000e+00
1.892160e+06 1.391063e+11 5.502471e+10 0.000000e+00
2.049840e+06 1.373098e+11 5.936319e+10 0.000000e+00
2.207520e+06 1.353779e+11 6.364314e+10 0.000000e+00
2.365200e+06 1.333125e+11 6.786034e+10 0.000000e+00
2.522880e+06 1.311157e+11 7.201064e+10 0.000000e+00
2.680560e+06 1.287896e+11 7.608994e+10 0.000000e+00
2.838240e+06 1.263365e+11 8.009421e+10 0.000000e+00
2.995920e+06 1.237589e+11 8.401951e+10 0.000000e+00
3.153600e+06 1.210592e+11 8.786196e+10 0.000000e+00
3.311280e+06 1.182402e+11 9.161777e+10 0.000000e+00
3.468960e+06 1.153045e+11 9.528324e+10 0.000000e+00
3.626640e+06 1.122552e+11 9.885475e+10 0.000000e+00
3.784320e+06 1.090951e+11 1.023288e+11 0.000000e+00
3.942000e+06 1.058275e+11 1.057019e+11 0.000000e+00
4.099680e+06 1.024554e+11 1.089707e+11 0.000000e+00
4.257360e+06 9.898238e+10 1.121321e+11 0.000000e+00
4.415040e+06 9.541167e+10 1.151828e+11 0.000000e+00
4.572720e+06 9.174686e+10 1.181200e+11 0.000000e+00
4.730400e+06 8.799154e+10 1.209406e+11 0.000000e+00
4.888080e+06 8.414942e+10 1.236420e+11 0.000000e+00
5.045760e+06 8.022429e+10 1.262213e+11 0.000000e+00
5.203440e+06 7.622001e+10 1.286762e+11 0.000000e+00
5.361120e+06 7.214053e+10 1.310040e+11 0.000000e+00
5.518800e+06 6.798987e+10 1.332027e+11 0.000000e+00
5.676480e+06 6.377213e+10 1.352699e+11 0.000000e+00
5.834160e+06 5.949146e+10 1.372036e+11 0.000000e+00
5.991840e+06 5.515209e+10 1.390019e+11 0.000000e+00
6.149520e+06 5.075828e+10 1.406630e+11 0.000000e+00
6.307200e+06 4.631438e+10 1.421854e+11 0.000000e+00
6.464880e+06 4.182478e+10 1.435674e+11 0.000000e+00
6.622560e+06 3.729389e+10 1.448077e+11 0.000000e+00
6.780240e+06 3.272619e+10 1.459050e+11 0.000000e+00
6.937920e+06 2.812618e+10 1.468583e+11 0.000000e+00
7.095600e+06 2.349841e+10 1.476667e+11 0.000000e+00
7.253280e+06 1.884744e+10 1.483293e+11 0.000000e+00
7.410960e+06 1.417786e+10 1.488454e+11 0.000000e+00
7.568640e+06 9.494284e+09 1.492146e+11 0.000000e+00
7.726320e+06 4.801334e+09 1.494364e+11 0.000000e+00
7.884000e+06 1.036419e+08 1.495107e+11 0.000000e+00
8.041680e+06 -4.594152e+09 1.494373e+11 0.000000e+00
8.199360e+06 -9.287409e+09 1.492163e+11 0.000000e+00
8.357040e+06 -1.397149e+10 1.488480e+11 0.000000e+00
8.514720e+06 -1.864178e+10 1.483327e+11 0.000000e+00
8.672400e+06 -2.329365e+10 1.476708e+11 0.000000e+00
8.830080e+06 -2.792251e+10 1.468631e+11 0.000000e+00
8.987760e+06 -3.252379e+10 1.459103e+11 0.000000e+00
9.145440e+06 -3.709294e+10 1.448134e+11 0.000000e+00
9.303120e+06 -4.162545e+10 1.435734e+11 0.000000e+00
9.460800e+06 -4.611682e+10 1.421915e+11 0.000000e+00
9.618480e+06 -5.056264e+10 1.406692e+11 0.000000e+00
9.776160e+06 -5.495849e+10 1.390078e+11 0.000000e+00
9.933840e+06 -5.930003e+10 1.372091e+11 0.000000e+00
1.009152e+07 -6.358297e+10 1.352748e+11 0.000000e+00
1.024920e+07 -6.780307e+10 1.332068e+11 0.000000e+00
1.040688e+07 -7.195617e+10 1.310072e+11 0.000000e+00
1.056456e+07 -7.603814e+10 1.286781e+11 0.000000e+00
1.072224e+07 -8.004496e+10 1.262218e+11 0.000000e+00
1.087992e+07 -8.397265e+10 1.236407e+11 0.000000e+00
1.103760e+07 -8.781734e+10 1.209374e+11 0.000000e+00
1.119528e+07 -9.157522e+10 1.181146e+11 0.000000e+00
1.135296e+07 -9.524257e+10 1.151750e+11 0.000000e+00
1.151064e+07 -9.881575e+10 1.121215e+11 0.000000e+00
1.166832e+07 -1.022912e+11 1.089571e+11 0.000000e+00
1.182600e+07 -1.056656e+11 1.056851e+11 0.000000e+00
1.198368e+07 -1.089355e+11 1.023085e+11 0.000000e+00
1.214136e+07 -1.120976e+11 9.883081e+10 0.000000e+00
1.229904e+07 -1.151489e+11 9.525537e+10 0.000000e+00
1.245672e+07 -1.180864e+11 9.158573e+10 0.000000e+00
1.261440e+07 -1.209070e+11 8.782551e+10 0.000000e+00
1.277208e+07 -1.236081e+11 8.397845e+10 0.000000e+00
1.292976e+07 -1.261870e+11 8.004833e+10 0.000000e+00
1.308744e+07 -1.286410e+11 7.603904e+10 0.000000e+00
1.324512e+07 -1.309679e+11 7.195455e+10 0.000000e+00
1.340280e+07 -1.331651e+11 6.779889e+10 0.000000e+00
1.356048e+07 -1.352307e+11 6.357617e+10 0.000000e+00
1.371816e+07 -1.371625e+11 5.929057e+10 0.000000e+00
1.387584e+07 -1.389587e+11 5.494632e+10 0.000000e+00
1.403352e+07 -1.406174e+11 5.054772e+10 0.000000e+00
1.419120e+07 -1.421370e+11 4.609912e+10 0.000000e+00
1.434888e+07 -1.435159e+11 4.160492e+10 0.000000e+00
1.450656e+07 -1.447530e+11 3.706956e+10 0.000000e+00
1.466424e+07 -1.458468e+11 3.249754e+10 0.000000e+00
1.482192e+07 -1.467964e+11 2.789336e+10 0.000000e+00
1.497960e+07 -1.476007e+11 2.326159e+10 0.000000e+00
1.513728e+07 -1.482590e+11 1.860681e+10 0.000000e+00
1.529496e+07 -1.487707e+11 1.393362e+10 0.000000e+00
1.545264e+07 -1.491352e+11 9.246652e+09 0.000000e+00
1.561032e+07 -1.493521e+11 4.550533e+09 0.000000e+00
1.576800e+07 -1.494213e+11 -1.500880e+08 0.000000e+00
1.592568e+07 -1.493427e+11 -4.850560e+09 0.000000e+00
1.608336e+07 -1.491163e+11 -9.546234e+09 0.000000e+00
1.624104e+07 -1.487424e+11 -1.423246e+10 0.000000e+00
1.639872e+07 -1.482214e+11 -1.890461e+10 0.000000e+00
1.655640e+07 -1.475537e+11 -2.355806e+10 0.000000e+00
1.671408e+07 -1.467401e+11 -2.818821e+10 0.000000e+00
1.687176e+07 -1.457813e+11 -3.279047e+10 0.000000e+00
1.702944e+07 -1.446783e+11 -3.736029e+10 0.000000e+00
1.718712e+07 -1.434321e+11 -4.189315e+10 0.000000e+00
1.734480e+07 -1.420441e+11 -4.638457e+10 0.000000e+00
1.750248e+07 -1.405156e+11 -5.083011e+10 0.000000e+00
1.766016e+07 -1.388481e+11 -5.522537e+10 0.000000e+00
1.781784e+07 -1.370432e+11 -5.956600e+10 0.000000e+00
1.797552e+07 -1.351028e+11 -6.384771e+10 0.000000e+00
1.813320e+07 -1.330288e+11 -6.806628e+10 0.000000e+00
1.829088e+07 -1.308231e+11 -7.221751e+10 0.000000e+00
1.844856e+07 -1.284881e+11 -7.629732e+10 0.000000e+00
1.860624e+07 -1.260260e+11 -8.030167e+10 0.000000e+00
1.876392e+07 -1.234393e+11 -8.422660e+10 0.000000e+00
1.892160e+07 -1.207305e+11 -8.806824e+10 0.000000e+00
1.907928e+07 -1.179023e+11 -9.182278e+10 0.000000e+00
1.923696e+07 -1.149575e+11 -9.548651e+10 0.000000e+00
1.939464e+07 -1.118990e+11 -9.905582e+10 0.000000e+00
1.955232e+07 -1.087299e+11 -1.025272e+11 0.000000e+00
1.971000e+07 -1.054532e+11 -1.058972e+11 0.000000e+00
1.986768e+07 -1.020723e+11 -1.091624e+11 0.000000e+00
2.002536e+07 -9.859049e+10 -1.123198e+11 0.000000e+00
2.018304e+07 -9.501119e+10 -1.153661e+11 0.000000e+00
2.034072e+07 -9.133795e+10 -1.182983e+11 0.000000e+00
2.049840e+07 -8.757442e+10 -1.211136e+11 0.000000e+00
2.065608e+07 -8.372431e+10 -1.238092e+11 0.000000e+00
2.081376e+07 -7.979145e+10 -1.263824e+11 0.000000e+00
2.097144e+07 -7.577971e+10 -1.288306e+11 0.000000e+00
2.112912e+07 -7.169308e+10 -1.311515e+11 0.000000e+00
2.128680e+07 -6.753558e+10 -1.333428e+11 0.000000e+00
2.144448e+07 -6.331134e+10 -1.354023e+11 0.000000e+00
2.160216e+07 -5.902453e+10 -1.373280e+11 0.000000e+00
2.175984e+07 -5.467939e+10 -1.391180e+11 0.000000e+00
2.191752e+07 -5.028022e+10 -1.407705e+11 0.000000e+00
2.207520e+07 -4.583137e+10 -1.422840e+11 0.000000e+00
2.223288e+07 -4.133723e+10 -1.436568e+11 0.000000e+00
2.239056e+07 -3.680225e+10 -1.448877e+11 0.000000e+00
2.254824e+07 -3.223092e+10 -1.459755e+11 0.000000e+00
2.270592e+07 -2.762774e+10 -1.469190e+11 0.000000e+00
2.286360e+07 -2.299727e+10 -1.477174e+11 0.000000e+00
2.302128e+07 -1.834409e+10 -1.483700e+11 0.000000e+00
2.317896e+07 -1.367278e+10 -1.488759e+11 0.000000e+00
2.333664e+07 -8.987972e+09 -1.492348e+11 0.000000e+00
2.349432e+07 -4.294287e+09 -1.494464e+11 0.000000e+00
2.365200e+07 4.036391e+08 -1.495103e+11 0.000000e+00
2.380968e+07 5.101167e+09 -1.494266e+11 0.000000e+00
2.396736e+07 9.793657e+09 -1.491954e+11 0.000000e+00
2.412504e+07 1.447648e+10 -1.488168e+11 0.000000e+00
2.428272e+07 1.914500e+10 -1.482913e+11 0.000000e+00
2.444040e+07 2.379463e+10 -1.476194e+11 0.000000e+00
2.459808e+07 2.842077e+10 -1.468018e+11 0.000000e+00
2.475576e+07 3.301884e+10 -1.458392e+11 0.000000e+00
2.491344e+07 3.758433e+10 -1.447327e+11 0.000000e+00
2.507112e+07 4.211272e+10 -1.434833e+11 0.000000e+00
2.522880e+07 4.659954e+10 -1.420923e+11 0.000000e+00
2.538648e+07 5.104037e+10 -1.405611e+11 0.000000e+00
2.554416e+07 5.543083e+10 -1.388912e+11 0.000000e+00
2.570184e+07 5.976658e+10 -1.370841e+11 0.000000e+00
2.585952e+07 6.404336e+10 -1.351418e+11 0.000000e+00
2.601720e+07 6.825694e+10 -1.330662e+11 0.000000e+00
2.617488e+07 7.240317e+10 -1.308593e+11 0.000000e+00
2.633256e+07 7.647797e+10 -1.285232e+11 0.000000e+00
2.649024e+07 8.047731e+10 -1.260603e+11 0.000000e+00
2.664792e+07 8.439726e+10 -1.234731e+11 0.000000e+00
2.680560e+07 8.823395e+10 -1.207641e+11 0.000000e+00
2.696328e+07 9.198360e+10 -1.179359e+11 0.000000e+00
2.712096e+07 9.564251e+10 -1.149914e+11 0.000000e+00
2.727864e+07 9.920708e+10 -1.119335e+11 0.000000e+00
2.743632e+07 1.026738e+11 -1.087652e+11 0.000000e+00
2.759400e+07 1.060393e+11 -1.054896e+11 0.000000e+00
2.775168e+07 1.093001e+11 -1.021099e+11 0.000000e+00
2.790936e+07 1.124532e+11 -9.862958e+10 0.000000e+00
2.806704e+07 1.154954e+11 -9.505197e+10 0.000000e+00
2.822472e+07 1.184237e+11 -9.138063e+10 0.000000e+00
2.838240e+07 1.212352e+11 -8.761917e+10 0.000000e+00
2.854008e+07 1.239271e+11 -8.377131e+10 0.000000e+00
2.869776e+07 1.264969e+11 -7.984086e+10 0.000000e+00
2.885544e+07 1.289419e+11 -7.583167e+10 0.000000e+00
2.901312e+07 1.312598e+11 -7.174772e+10 0.000000e+00
2.917080e+07 1.334483e+11 -6.759303e+10 0.000000e+00
2.932848e+07 1.355052e+11 -6.337169e+10 0.000000e+00
2.948616e+07 1.374286e+11 -5.908788e+10 0.000000e+00
2.964384e+07 1.392164e+11 -5.474581e+10 0.000000e+00
2.980152e+07 1.408670e+11 -5.034978e+10 0.000000e+00
2.995920e+07 1.423787e+11 -4.590410e+10 0.000000e+00
3.011688e+07 1.437500e+11 -4.141317e+10 0.000000e+00
3.027456e+07 1.449796e+11 -3.688141e+10 0.000000e+00
3.043224e+07 1.460664e+11 -3.231330e+10 0.000000e+00
3.058992e+07 1.470091e+11 -2.771334e+10 0.000000e+00
3.074760e+07 1.478069e+11 -2.308605e+10 0.000000e+00
3.090528e+07 1.484590e+11 -1.843601e+10 0.000000e+00
3.106296e+07 1.489647e+11 -1.376779e+10 0.000000e+00
3.122064e+07 1.493237e+11 -9.086002e+09 0.000000e+00
3.137832e+07 1.495354e+11 -4.395257e+09 0.000000e+00
3.153600e+07 1.495997e+11 2.998201e+08 0.000000e+00
3.169368e+07 1.495166e+11 4.994602e+09 0.000000e+00
3.185136e+07 1.492860e+11 9.684460e+09 0.000000e+00
3.200904e+07 1.489083e+11 1.436477e+10 0.000000e+00
3.216672e+07 1.483838e+11 1.903092e+10 0.000000e+00
3.232440e+07 1.477131e+11 2.367832e+10 0.000000e+00
3.248208e+07 1.468967e+11 2.830237e+10 0.000000e+00
3.263976e+07 1.459356e+11 3.289852e+10 0.000000e+00
3.279744e+07 1.448305e+11 3.746224e+10 0.000000e+00
3.295512e+07 1.435827e+11 4.198903e+10 0.000000e+00
3.311280e+07 1.421934e+11 4.647442e+10 0.000000e+00
3.327048e+07 1.406639e+11 5.091400e+10 0.000000e+00
3.342816e+07 1.389957e+11 5.530339e+10 0.000000e+00
3.358584e+07 1.371905e+11 5.963826e+10 0.000000e+00
3.374352e+07 1.352500e+11 6.391433e+10 0.000000e+00
3.390120e+07 1.331761e+11 6.812738e+10 0.000000e+00
3.405888e+07 1.309710e+11 7.227327e+10 0.000000e+00
3.421656e+07 1.286367e+11 7.634789e+10 0.000000e+00
3.437424e+07 1.261756e+11 8.034724e+10 0.000000e+00
3.453192e+07 1.235901e+11 8.426736e+10 0.000000e+00
3.468960e+07 1.208828e+11 8.810440e+10 0.000000e+00
3.484728e+07 1.180562e+11 9.185455e+10 0.000000e+00
3.500496e+07 1.151132e+11 9.551413e+10 0.000000e+00
3.516264e+07 1.120567e+11 9.907951e+10 0.000000e+00
3.532032e+07 1.088897e+11 1.025472e+11 0.000000e+00
3.547800e+07 1.056153e+11 1.059137e+11 0.000000e+00
3.563568e+07 1.022367e+11 1.091758e+11 0.000000e+00
3.579336e+07 9.875727e+10 1.123302e+11 0.000000e+00
3.595104e+07 9.518045e+10 1.153738e+11 0.000000e+00
3.610872e+07 9.150975e+10 1.183036e+11 0.000000e+00
3.626640e+07 8.774877e+10 1.211167e+11 0.000000e+00
3.642408e+07 8.390124e+10 1.238103e+11 0.000000e+00
3.658176e+07 7.997094e+10 1.263818e+11 0.000000e+00
3.673944e+07 7.596174e+10 1.288286e+11 0.000000e+00
3.689712e+07 7.187759e+10 1.311483e+11 0.000000e+00
3.705480e+07 6.772253e+10 1.333386e+11 0.000000e+00
3.721248e+07 6.350065e+10 1.353973e+11 0.000000e+00
3.737016e+07 5.921610e+10 1.373225e+11 0.000000e+00
3.752784e+07 5.487312e+10 1.391121e+11 0.000000e+00
3.768552e+07 5.047599e+10 1.407644e+11 0.000000e+00
3.784320e+07 4.602904e+10 1.422778e+11 0.000000e+00
3.800088e+07 4.153667e+10 1.436508e+11 0.000000e+00
3.815856e+07 3.700329e+10 1.448820e+11 0.000000e+00
3.831624e+07 3.243339e+10 1.459702e+11 0.000000e+00
3.847392e+07 2.783148e+10 1.469143e+11 0.000000e+00
3.863160e+07 2.320209e+10 1.477134e+11 0.000000e+00
3.878928e+07 1.854979e+10 1.483666e+11 0.000000e+00
3.894696e+07 1.387918e+10 1.488734e+11 0.000000e+00
3.910464e+07 9.194870e+09 1.492331e+11 0.000000e+00
3.926232e+07 4.501478e+09 1.494455e+11 0.000000e+00
3.942000e+07 -1.963594e+08 1.495104e+11 0.000000e+00
3.957768e+07 -4.894002e+09 1.494276e+11 0.000000e+00
3.973536e+07 -9.586812e+09 1.491972e+11 0.000000e+00
3.989304e+07 -1.427015e+10 1.488195e+11 0.000000e+00
4.005072e+07 -1.893940e+10 1.482948e+11 0.000000e+00
4.020840e+07 -2.358994e+10 1.476236e+11 0.000000e+00
4.036608e+07 -2.821718e+10 1.468066e+11 0.000000e+00
4.052376e+07 -3.281654e+10 1.458446e+11 0.000000e+00
4.068144e+07 -3.738349e+10 1.447385e+11 0.000000e+00
4.083912e+07 -4.191350e+10 1.434894e+11 0.000000e+00
4.099680e+07 -4.640210e+10 1.420985e+11 0.000000e+00
4.115448e+07 -5.084485e+10 1.405672e+11 0.000000e+00
4.131216e+07 -5.523736e+10 1.388971e+11 0.000000e+00
4.146984e+07 -5.957529e+10 1.370896e+11 0.000000e+00
4.162752e+07 -6.385435e+10 1.351468e+11 0.000000e+00
4.178520e+07 -6.807030e+10 1.330703e+11 0.000000e+00
4.194288e+07 -7.221897e+10 1.308623e+11 0.000000e+00
4.210056e+07 -7.629627e+10 1.285250e+11 0.000000e+00
4.225824e+07 -8.029815e+10 1.260607e+11 0.000000e+00
4.241592e+07 -8.422066e+10 1.234717e+11 0.000000e+00
4.257360e+07 -8.805992e+10 1.207607e+11 0.000000e+00
4.273128e+07 -9.181213e+10 1.179303e+11 0.000000e+00
4.288896e+07 -9.547357e+10 1.149834e+11 0.000000e+00
4.304664e+07 -9.904062e+10 1.119227e+11 0.000000e+00
4.320432e+07 -1.025098e+11 1.087514e+11 0.000000e+00
4.336200e+07 -1.058775e+11 1.054726e+11 0.000000e+00
4.351968e+07 -1.091406e+11 1.020895e+11 0.000000e+00
4.367736e+07 -1.122958e+11 9.860540e+10 0.000000e+00
4.383504e+07 -1.153399e+11 9.502384e+10 0.000000e+00
4.399272e+07 -1.182700e+11 9.134830e+10 0.000000e+00
4.415040e+07 -1.210831e+11 8.758243e+10 0.000000e+00
4.430808e+07 -1.237765e+11 8.372995e+10 0.000000e+00
4.446576e+07 -1.263474e+11 7.979466e+10 0.000000e+00
4.462344e+07 -1.287934e+11 7.578045e+10 0.000000e+00
4.478112e+07 -1.311120e+11 7.169129e+10 0.000000e+00
4.493880e+07 -1.333010e+11 6.753123e+10 0.000000e+00
4.509648e+07 -1.353581e+11 6.330437e+10 0.000000e+00
4.525416e+07 -1.372813e+11 5.901490e+10 0.000000e+00
4.541184e+07 -1.390687e+11 5.466705e+10 0.000000e+00
4.556952e+07 -1.407186e+11 5.026512e+10 0.000000e+00
4.572720e+07 -1.422292e+11 4.581348e+10 0.000000e+00
4.588488e+07 -1.435992e+11 4.131652e+10 0.000000e+00
4.604256e+07 -1.448271e+11 3.677869e+10 0.000000e+00
4.620024e+07 -1.459118e+11 3.220447e+10 0.000000e+00
4.635792e+07 -1.468521e+11 2.759840e+10 0.000000e+00
4.651560e+07 -1.476471e+11 2.296502e+10 0.000000e+00
4.667328e+07 -1.482961e+11 1.830893e+10 0.000000e+00
4.683096e+07 -1.487983e+11 1.363472e+10 0.000000e+00
4.698864e+07 -1.491534e+11 8.947027e+09 0.000000e+00
4.714632e+07 -1.493609e+11 4.250481e+09 0.000000e+00
4.730400e+07 -1.494207e+11 -4.502697e+08 0.000000e+00
4.746168e+07 -1.493326e+11 -5.150575e+09 0.000000e+00
4.761936e+07 -1.490968e+11 -9.845785e+09 0.000000e+00
4.777704e+07 -1.487135e+11 -1.453125e+10 0.000000e+00
4.793472e+07 -1.481831e+11 -1.920235e+10 0.000000e+00
4.809240e+07 -1.475061e+11 -2.385445e+10 0.000000e+00
4.825008e+07 -1.466832e+11 -2.848295e+10 0.000000e+00
4.840776e+07 -1.457151e+11 -3.308327e+10 0.000000e+00
4.856544e+07 -1.446030e+11 -3.765086e+10 0.000000e+00
4.872312e+07 -1.433477e+11 -4.218122e+10 0.000000e+00
4.888080e+07 -1.419507e+11 -4.666984e+10 0.000000e+00
4.903848e+07 -1.404133e+11 -5.111230e+10 0.000000e+00
4.919616e+07 -1.387369e+11 -5.550420e+10 0.000000e+00
4.935384e+07 -1.369234e+11 -5.984120e+10 0.000000e+00
4.951152e+07 -1.349743e+11 -6.411900e+10 0.000000e+00
4.966920e+07 -1.328918e+11 -6.833339e+10 0.000000e+00
4.982688e+07 -1.306779e+11 -7.248019e+10 0.000000e+00
4.998456e+07 -1.283347e+11 -7.655530e+10 0.000000e+00
5.014224e+07 -1.258646e+11 -8.055470e+10 0.000000e+00
5.029992e+07 -1.232700e+11 -8.447442e+10 0.000000e+00
5.045760e+07 -1.205534e+11 -8.831061e+10 0.000000e+00
5.061528e+07 -1.177177e+11 -9.205946e+10 0.000000e+00
5.077296e+07 -1.147656e+11 -9.571727e+10 0.000000e+00
5.093064e+07 -1.116999e+11 -9.928043e+10 0.000000e+00
5.108832e+07 -1.085238e+11 -1.027454e+11 0.000000e+00
5.124600e+07 -1.052404e+11 -1.061088e+11 0.000000e+00
5.140368e+07 -1.018530e+11 -1.093673e+11 0.000000e+00
5.156136e+07 -9.836482e+10 -1.125176e+11 0.000000e+00
5.171904e+07 -9.477942e+10 -1.155567e+11 0.000000e+00
5.187672e+07 -9.110030e+10 -1.184816e+11 0.000000e+00
5.203440e+07 -8.733113e+10 -1.212893e+11 0.000000e+00
5.219208e+07 -8.347563e+10 -1.239772e+11 0.000000e+00
5.234976e+07 -7.953761e+10 -1.265424e+11 0.000000e+00
5.250744e+07 -7.552097e+10 -1.289826e+11 0.000000e+00
5.266512e+07 -7.142969e+10 -1.312953e+11 0.000000e+00
5.282280e+07 -6.726781e+10 -1.334783e+11 0.000000e+00
5.298048e+07 -6.303945e+10 -1.355293e+11 0.000000e+00
5.313816e+07 -5.874879e+10 -1.374464e+11 0.000000e+00
5.329584e+07 -5.440007e+10 -1.392277e+11 0.000000e+00
5.345352e+07 -4.999759e+10 -1.408713e+11 0.000000e+00
5.361120e+07 -4.554572e+10 -1.423758e+11 0.000000e+00
5.376888e+07 -4.104884e+10 -1.437397e+11 0.000000e+00
5.392656e+07 -3.651141e+10 -1.449615e+11 0.000000e+00
5.408424e+07 -3.193790e+10 -1.460400e+11 0.000000e+00
5.424192e+07 -2.733285e+10 -1.469744e+11 0.000000e+00
5.439960e+07 -2.270079e+10 -1.477635e+11 0.000000e+00
5.455728e+07 -1.804631e+10 -1.484067e+11 0.000000e+00
5.471496e+07 -1.337401e+10 -1.489032e+11 0.000000e+00
5.487264e+07 -8.688492e+09 -1.492528e+11 0.000000e+00
5.503032e+07 -3.994397e+09 -1.494549e+11 0.000000e+00
5.518800e+07 7.036421e+08 -1.495094e+11 0.000000e+00
5.534568e+07 5.400987e+09 -1.494163e+11 0.000000e+00
5.550336e+07 1.009300e+10 -1.491756e+11 0.000000e+00
5.566104e+07 1.477504e+10 -1.487876e+11 0.000000e+00
5.581872e+07 1.944250e+10 -1.482528e+11 0.000000e+00
5.597640e+07 2.409076e+10 -1.475716e+11 0.000000e+00
5.613408e+07 2.871524e+10 -1.467446e+11 0.000000e+00
5.629176e+07 3.331138e+10 -1.457729e+11 0.000000e+00
5.644944e+07 3.787463e+10 -1.446572e+11 0.000000e+00
5.660712e+07 4.240049e+10 -1.433987e+11 0.000000e+00
5.676480e+07 4.688451e+10 -1.419988e+11 0.000000e+00
5.692248e+07 5.132225e+10 -1.404586e+11 0.000000e+00
5.708016e+07 5.570935e+10 -1.387799e+11 0.000000e+00
5.723784e+07 6.004146e+10 -1.369641e+11 0.000000e+00
5.739552e+07 6.431433e+10 -1.350133e+11 0.000000e+00
5.755320e+07 6.852374e+10 -1.329292e+11 0.000000e+00
5.771088e+07 7.266553e+10 -1.307139e+11 0.000000e+00
5.786856e+07 7.673563e+10 -1.283697e+11 0.000000e+00
5.802624e+07 8.073002e+10 -1.258988e+11 0.000000e+00
5.818392e+07 8.464477e+10 -1.233037e+11 0.000000e+00
5.834160e+07 8.847601e+10 -1.205870e+11 0.000000e+00
5.849928e+07 9.221997e+10 -1.177514e+11 0.000000e+00
5.865696e+07 9.587297e+10 -1.147995e+11 0.000000e+00
5.881464e+07 9.943140e+10 -1.117345e+11 0.000000e+00
5.897232e+07 1.028918e+11 -1.085592e+11 0.000000e+00
5.913000e+07 1.062506e+11 -1.052768e+11 0.000000e+00
5.928768e+07 1.095047e+11 -1.018907e+11 0.000000e+00
5.944536e+07 1.126508e+11 -9.840402e+10 0.000000e+00
5.960304e+07 1.156858e+11 -9.482032e+10 0.000000e+00
5.976072e+07 1.186067e+11 -9.114311e+10 0.000000e+00
5.991840e+07 1.214107e+11 -8.737602e+10 0.000000e+00
6.007608e+07 1.240949e+11 -8.352278e+10 0.000000e+00
6.023376e+07 1.266568e+11 -7.958717e+10 0.000000e+00
6.039144e+07 1.290938e+11 -7.557310e+10 0.000000e+00
6.054912e+07 1.314035e+11 -7.148451e+10 0.000000e+00
6.070680e+07 1.335836e+11 -6.732544e+10 0.000000e+00
6.086448e+07 1.356321e+11 -6.309999e+10 0.000000e+00
6.102216e+07 1.375468e+11 -5.881233e+10 0.000000e+00
6.117984e+07 1.393259e+11 -5.446669e+10 0.000000e+00
6.133752e+07 1.409676e+11 -5.006735e+10 0.000000e+00
6.149520e+07 1.424704e+11 -4.561865e+10 0.000000e+00
6.165288e+07 1.438328e+11 -4.112498e+10 0.000000e+00
6.181056e+07 1.450533e+11 -3.659077e+10 0.000000e+00
6.196824e+07 1.461309e+11 -3.202049e+10 0.000000e+00
6.212592e+07 1.470644e+11 -2.741864e+10 0.000000e+00
6.228360e+07 1.478529e+11 -2.278977e+10 0.000000e+00
6.244128e+07 1.484957e+11 -1.813843e+10 0.000000e+00
6.259896e+07 1.489921e+11 -1.346921e+10 0.000000e+00
6.275664e+07 1.493416e+11 -8.786710e+09 0.000000e+00
6.291432e+07 1.495439e+11 -4.095550e+09 0.000000e+00
6.307200e+07 1.495988e+11 5.996465e+08 0.000000e+00
6.322968e+07 1.495062e+11 5.294252e+09 0.000000e+00
6.338736e+07 1.492663e+11 9.983639e+09 0.000000e+00
6.354504e+07 1.488792e+11 1.466318e+10 0.000000e+00
6.370272e+07 1.483454e+11 1.932828e+10 0.000000e+00
6.386040e+07 1.476653e+11 2.397431e+10 0.000000e+00
6.401808e+07 1.468397e+11 2.859672e+10 0.000000e+00
6.417576e+07 1.458693e+11 3.319093e+10 0.000000e+00
6.433344e+07 1.447551e+11 3.775243e+10 0.000000e+00
6.449112e+07 1.434983e+11 4.227671e+10 0.000000e+00
6.464880e+07 1.420999e+11 4.675931e+10 0.000000e+00
6.480648e+07 1.405615e+11 5.119582e+10 0.000000e+00
6.496416e+07 1.388845e+11 5.558185e+10 0.000000e+00
6.512184e+07 1.370706e+11 5.991309e+10 0.000000e+00
6.527952e+07 1.351215e+11 6.418526e+10 0.000000e+00
6.543720e+07 1.330392e+11 6.839415e+10 0.000000e+00
6.559488e+07 1.308258e+11 7.253561e+10 0.000000e+00
6.575256e+07 1.284834e+11 7.660555e+10 0.000000e+00
6.591024e+07 1.260142e+11 8.059996e+10 0.000000e+00
6.606792e+07 1.234209e+11 8.451489e+10 0.000000e+00
6.622560e+07 1.207058e+11 8.834649e+10 0.000000e+00
6.638328e+07 1.178717e+11 9.209097e+10 0.000000e+00
6.654096e+07 1.149214e+11 9.574464e+10 0.000000e+00
6.669864e+07 1.118577e+11 9.930389e+10 0.000000e+00
6.685632e+07 1.086838e+11 1.027652e+11 0.000000e+00
6.701400e+07 1.054026e+11 1.061252e+11 0.000000e+00
6.717168e+07 1.020175e+11 1.093805e+11 0.000000e+00
6.732936e+07 9.853176e+10 1.125279e+11 0.000000e+00
6.748704e+07 9.494884e+10 1.155643e+11 0.000000e+00
6.764472e+07 9.127226e+10 1.184867e+11 0.000000e+00
6.780240e+07 8.750565e+10 1.212923e+11 0.000000e+00
6.796008e+07 8.365272e+10 1.239782e+11 0.000000e+00
6.811776e+07 7.971726e+10 1.265418e+11 0.000000e+00
6.827544e+07 7.570316e+10 1.289806e+11 0.000000e+00
6.843312e+07 7.161436e+10 1.312921e+11 0.000000e+00
6.859080e+07 6.745491e+10 1.334740e+11 0.000000e+00
6.874848e+07 6.322890e+10 1.355243e+11 0.000000e+00
6.890616e+07 5.894050e+10 1.374408e+11 0.000000e+00
6.906384e+07 5.459393e+10 1.392217e+11 0.000000e+00
6.922152e+07 5.019349e+10 1.408652e+11 0.000000e+00
6.937920e+07 4.574351e+10 1.423697e+11 0.000000e+00
6.953688e+07 4.124838e+10 1.437337e+11 0.000000e+00
6.969456e+07 3.671254e+10 1.449558e+11 0.000000e+00
6.985224e+07 3.214046e+10 1.460348e+11 0.000000e+00
7.000992e+07 2.753665e+10 1.469697e+11 0.000000e+00
7.016760e+07 2.290567e+10 1.477594e+11 0.000000e+00
7.032528e+07 1.825206e+10 1.484033e+11 0.000000e+00
7.048296e+07 1.358044e+10 1.489007e+11 0.000000e+00
7.064064e+07 8.895410e+09 1.492511e+11 0.000000e+00
7.079832e+07 4.201596e+09 1.494541e+11 0.000000e+00
7.095600e+07 -4.963674e+08 1.495095e+11 0.000000e+00
7.111368e+07 -5.193840e+09 1.494173e+11 0.000000e+00
7.127136e+07 -9.886184e+09 1.491775e+11 0.000000e+00
7.142904e+07 -1.456876e+10 1.487904e+11 0.000000e+00
7.158672e+07 -1.923695e+10 1.482563e+11 0.000000e+00
7.174440e+07 -2.388614e+10 1.475758e+11 0.000000e+00
7.190208e+07 -2.851174e+10 1.467495e+11 0.000000e+00
7.205976e+07 -3.310917e+10 1.457782e+11 0.000000e+00
7.221744e+07 -3.767389e+10 1.446630e+11 0.000000e+00
7.237512e+07 -4.220139e+10 1.434048e+11 0.000000e+00
7.253280e+07 -4.668719e+10 1.420049e+11 0.000000e+00
7.269048e+07 -5.112687e+10 1.404647e+11 0.000000e+00
7.284816e+07 -5.551602e+10 1.387857e+11 0.000000e+00
7.300584e+07 -5.985032e+10 1.369696e+11 0.000000e+00
7.316352e+07 -6.412547e+10 1.350181e+11 0.000000e+00
7.332120e+07 -6.833725e+10 1.329332e+11 0.000000e+00
7.347888e+07 -7.248149e+10 1.307169e+11 0.000000e+00
7.363656e+07 -7.655409e+10 1.283714e+11 0.000000e+00
7.379424e+07 -8.055102e+10 1.258991e+11 0.000000e+00
7.395192e+07 -8.446833e+10 1.233022e+11 0.000000e+00
7.410960e+07 -8.830215e+10 1.205835e+11 0.000000e+00
7.426728e+07 -9.204867e+10 1.177456e+11 0.000000e+00
7.442496e+07 -9.570419e+10 1.147913e+11 0.000000e+00
7.458264e+07 -9.926509e+10 1.117235e+11 0.000000e+00
7.474032e+07 -1.027279e+11 1.085452e+11 0.000000e+00
7.489800e+07 -1.060890e+11 1.052596e+11 0.000000e+00
7.505568e+07 -1.093453e+11 1.018700e+11 0.000000e+00
7.521336e+07 -1.124935e+11 9.837959e+10 0.000000e+00
7.537104e+07 -1.155305e+11 9.479192e+10 0.000000e+00
7.552872e+07 -1.184531e+11 9.111050e+10 0.000000e+00
7.568640e+07 -1.212587e+11 8.733899e+10 0.000000e+00
7.584408e+07 -1.239443e+11 8.348111e+10 0.000000e+00
7.600176e+07 -1.265074e+11 7.954066e+10 0.000000e+00
7.615944e+07 -1.289453e+11 7.552155e+10 0.000000e+00
7.631712e+07 -1.312557e+11 7.142774e+10 0.000000e+00
7.647480e+07 -1.334363e+11 6.726329e+10 0.000000e+00
7.663248e+07 -1.354849e+11 6.303230e+10 0.000000e+00
7.679016e+07 -1.373995e+11 5.873898e+10 0.000000e+00
7.694784e+07 -1.391782e+11 5.438755e+10 0.000000e+00
7.710552e+07 -1.408192e+11 4.998232e+10 0.000000e+00
7.726320e+07 -1.423209e+11 4.552765e+10 0.000000e+00
7.742088e+07 -1.436819e+11 4.102794e+10 0.000000e+00
7.757856e+07 -1.449007e+11 3.648765e+10 0.000000e+00
7.773624e+07 -1.459761e+11 3.191127e+10 0.000000e+00
7.789392e+07 -1.469072e+11 2.730331e+10 0.000000e+00
7.805160e+07 -1.476929e+11 2.266835e+10 0.000000e+00
7.820928e+07 -1.483325e+11 1.801096e+10 0.000000e+00
7.836696e+07 -1.488254e+11 1.333576e+10 0.000000e+00
7.852464e+07 -1.491711e+11 8.647357e+09 0.000000e+00
7.868232e+07 -1.493692e+11 3.950404e+09 0.000000e+00
7.884000e+07 -1.494195e+11 -7.504571e+08 0.000000e+00
7.899768e+07 -1.493220e+11 -5.450576e+09 0.000000e+00
7.915536e+07 -1.490767e+11 -1.014530e+10 0.000000e+00
7.931304e+07 -1.486840e+11 -1.482999e+10 0.000000e+00
7.947072e+07 -1.481443e+11 -1.950001e+10 0.000000e+00
7.962840e+07 -1.474579e+11 -2.415074e+10 0.000000e+00
7.978608e+07 -1.466257e+11 -2.877758e+10 0.000000e+00
7.994376e+07 -1.456484e+11 -3.337595e+10 0.000000e+00
8.010144e+07 -1.445271e+11 -3.794130e+10 0.000000e+00
8.025912e+07 -1.432627e+11 -4.246912e+10 0.000000e+00
8.041680e+07 -1.418567e+11 -4.695493e+10 0.000000e+00
8.057448e+07 -1.403104e+11 -5.139429e+10 0.000000e+00
8.073216e+07 -1.386252e+11 -5.578281e+10 0.000000e+00
8.088984e+07 -1.368029e+11 -6.011616e+10 0.000000e+00
8.104752e+07 -1.348453e+11 -6.439004e+10 0.000000e+00
8.120520e+07 -1.327544e+11 -6.860024e+10 0.000000e+00
8.136288e+07 -1.305321e+11 -7.274258e+10 0.000000e+00
8.152056e+07 -1.281807e+11 -7.681298e+10 0.000000e+00
8.167824e+07 -1.257026e+11 -8.080740e+10 0.000000e+00
8.183592e+07 -1.231001e+11 -8.472191e+10 0.000000e+00
8.199360e+07 -1.203759e+11 -8.855263e+10 0.000000e+00
8.215128e+07 -1.175327e+11 -9.229578e+10 0.000000e+00
8.230896e+07 -1.145732e+11 -9.594766e+10 0.000000e+00
8.246664e+07 -1.115004e+11 -9.950465e+10 0.000000e+00
8.262432e+07 -1.083174e+11 -1.029633e+11 0.000000e+00
8.278200e+07 -1.050272e+11 -1.063200e+11 0.000000e+00
8.293968e+07 -1.016332e+11 -1.095717e+11 0.000000e+00
8.309736e+07 -9.813876e+10 -1.127151e+11 0.000000e+00
8.325504e+07 -9.454726e+10 -1.157469e+11 0.000000e+00
8.341272e+07 -9.086229e+10 -1.186644e+11 0.000000e+00
8.357040e+07 -8.708749e+10 -1.214646e+11 0.000000e+00
8.372808e+07 -8.322660e+10 -1.241447e+11 0.000000e+00
8.388576e+07 -7.928345e+10 -1.267020e+11 0.000000e+00
8.404344e+07 -7.526192e+10 -1.291341e+11 0.000000e+00
8.420112e+07 -7.116601e+10 -1.314386e+11 0.000000e+00
8.435880e+07 -6.699976e+10 -1.336132e+11 0.000000e+00
8.451648e+07 -6.276729e+10 -1.356557e+11 0.000000e+00
8.467416e+07 -5.847280e+10 -1.375642e+11 0.000000e+00
8.483184e+07 -5.412052e+10 -1.393367e+11 0.000000e+00
8.498952e+07 -4.971476e+10 -1.409716e+11 0.000000e+00
8.514720e+07 -4.525988e+10 -1.424671e+11 0.000000e+00
8.530488e+07 -4.076028e+10 -1.438219e+11 0.000000e+00
8.546256e+07 -3.622041e+10 -1.450346e+11 0.000000e+00
8.562024e+07 -3.164475e+10 -1.461040e+11 0.000000e+00
8.577792e+07 -2.703784e+10 -1.470291e+11 0.000000e+00
8.593560e+07 -2.240421e+10 -1.478089e+11 0.000000e+00
8.609328e+07 -1.774846e+10 -1.484427e+11 0.000000e+00
8.625096e+07 -1.307517e+10 -1.489300e+11 0.000000e+00
8.640864e+07 -8.388969e+09 -1.492701e+11 0.000000e+00
8.656632e+07 -3.694484e+09 -1.494628e+11 0.000000e+00
8.672400e+07 1.003650e+09 -1.495079e+11 0.000000e+00
8.688168e+07 5.700792e+09 -1.494053e+11 0.000000e+00
8.703936e+07 1.039231e+10 -1.491552e+11 0.000000e+00
8.719704e+07 1.507356e+10 -1.487579e+11 0.000000e+00
8.735472e+07 1.973993e+10 -1.482137e+11 0.000000e+00
8.751240e+07 2.438681e+10 -1.475231e+11 0.000000e+00
8.767008e+07 2.900962e+10 -1.466869e+11 0.000000e+00
8.782776e+07 3.360378e+10 -1.457059e+11 0.000000e+00
8.798544e+07 3.816478e+10 -1.445811e+11 0.000000e+00
8.814312e+07 4.268811e+10 -1.433136e+11 0.000000e+00
8.830080e+07 4.716930e+10 -1.419046e+11 0.000000e+00
8.845848e+07 5.160394e+10 -1.403555e+11 0.000000e+00
8.861616e+07 5.598765e+10 -1.386680e+11 0.000000e+00
8.877384e+07 6.031611e+10 -1.368436e+11 0.000000e+00
8.893152e+07 6.458506e+10 -1.348842e+11 0.000000e+00
8.908920e+07 6.879027e+10 -1.327916e+11 0.000000e+00
8.924688e+07 7.292760e+10 -1.305681e+11 0.000000e+00
8.940456e+07 7.699299e+10 -1.282157e+11 0.000000e+00
8.956224e+07 8.098241e+10 -1.257368e+11 0.000000e+00
8.971992e+07 8.489194e+10 -1.231339e+11 0.000000e+00
8.987760e+07 8.871772e+10 -1.204095e+11 0.000000e+00
9.003528e+07 9.245598e+10 -1.175663e+11 0.000000e+00
9.019296e+07 9.610305e+10 -1.146072e+11 0.000000e+00
9.035064e+07 9.965532e+10 -1.115350e+11 0.000000e+00
9.050832e+07 1.031093e+11 -1.083528e+11 0.000000e+00
9.066600e+07 1.064616e+11 -1.050637e+11 0.000000e+00
9.082368e+07 1.097089e+11 -1.016710e+11 0.000000e+00
9.098136e+07 1.128480e+11 -9.817805e+10 0.000000e+00
9.113904e+07 1.158758e+11 -9.458827e+10 0.000000e+00
9.129672e+07 1.187893e+11 -9.090521e+10 0.000000e+00
9.145440e+07 1.215857e+11 -8.713252e+10 0.000000e+00
9.161208e+07 1.242622e+11 -8.327390e+10 0.000000e+00
9.176976e+07 1.268161e+11 -7.933317e+10 0.000000e+00
9.192744e+07 1.292451e+11 -7.531421e+10 0.000000e+00
9.208512e+07 1.315466e+11 -7.122100e+10 0.000000e+00
9.224280e+07 1.337184e+11 -6.705757e+10 0.000000e+00
9.240048e+07 1.357583e+11 -6.282802e+10 0.000000e+00
9.255816e+07 1.376644e+11 -5.853654e+10 0.000000e+00
9.271584e+07 1.394348e+11 -5.418734e+10 0.000000e+00
9.287352e+07 1.410678e+11 -4.978472e+10 0.000000e+00
9.303120e+07 1.425616e+11 -4.533302e+10 0.000000e+00
9.318888e+07 1.439150e+11 -4.083663e+10 0.000000e+00
9.334656e+07 1.451264e+11 -3.629998e+10 0.000000e+00
9.350424e+07 1.461948e+11 -3.172755e+10 0.000000e+00
9.366192e+07 1.471190e+11 -2.712384e+10 0.000000e+00
9.381960e+07 1.478983e+11 -2.249339e+10 0.000000e+00
9.397728e+07 1.485317e+11 -1.784077e+10 0.000000e+00
9.413496e+07 1.490188e+11 -1.317056e+10 0.000000e+00
9.429264e+07 1.493589e+11 -8.487375e+09 0.000000e+00
9.445032e+07 1.495518e+11 -3.795819e+09 0.000000e+00
9.460800e+07 1.495973e+11 8.994781e+08 0.000000e+00
9.476568e+07 1.494953e+11 5.593889e+09 0.000000e+00
9.492336e+07 1.492460e+11 1.028279e+10 0.000000e+00
9.508104e+07 1.488495e+11 1.496155e+10 0.000000e+00
9.523872e+07 1.483063e+11 1.962556e+10 0.000000e+00
9.539640e+07 1.476169e+11 2.427022e+10 0.000000e+00
9.555408e+07 1.467820e+11 2.889096e+10 0.000000e+00
9.571176e+07 1.458024e+11 3.348323e+10 0.000000e+00
9.586944e+07 1.446791e+11 3.804248e+10 0.000000e+00
9.602712e+07 1.434132e+11 4.256423e+10 0.000000e+00
9.618480e+07 1.420059e+11 4.704402e+10 0.000000e+00
9.634248e+07 1.404585e+11 5.147744e+10 0.000000e+00
9.650016e+07 1.387727e+11 5.586010e+10 0.000000e+00
9.665784e+07 1.369501e+11 6.018769e+10 0.000000e+00
9.681552e+07 1.349925e+11 6.445595e+10 0.000000e+00
9.697320e+07 1.329018e+11 6.866066e+10 0.000000e+00
9.713088e+07 1.306801e+11 7.279767e+10 0.000000e+00
9.728856e+07 1.283295e+11 7.686290e+10 0.000000e+00
9.744624e+07 1.258523e+11 8.085235e+10 0.000000e+00
9.760392e+07 1.232511e+11 8.476208e+10 0.000000e+00
9.776160e+07 1.205284e+11 8.858823e+10 0.000000e+00
9.791928e+07 1.176868e+11 9.232702e+10 0.000000e+00
9.807696e+07 1.147291e+11 9.597476e+10 0.000000e+00
9.823464e+07 1.116583e+11 9.952786e+10 0.000000e+00
9.839232e+07 1.084774e+11 1.029828e+11 0.000000e+00
9.855000e+07 1.051895e+11 1.063362e+11 0.000000e+00
9.870768e+07 1.017979e+11 1.095847e+11 0.000000e+00
9.886536e+07 9.830584e+10 1.127251e+11 0.000000e+00
9.902304e+07 9.471683e+10 1.157544e+11 0.000000e+00
9.918072e+07 9.103440e+10 1.186694e+11 0.000000e+00
9.933840e+07 8.726217e+10 1.214674e+11 0.000000e+00
9.949608e+07 8.340385e+10 1.241456e+11 0.000000e+00
9.965376e+07 7.946326e+10 1.267013e+11 0.000000e+00
9.981144e+07 7.544426e+10 1.291320e+11 0.000000e+00
9.996912e+07 7.135084e+10 1.314353e+11 0.000000e+00
1.001268e+08 6.718701e+10 1.336089e+11 0.000000e+00
1.002845e+08 6.295689e+10 1.356507e+11 0.000000e+00
1.004422e+08 5.866465e+10 1.375586e+11 0.000000e+00
1.005998e+08 5.431451e+10 1.393308e+11 0.000000e+00
1.007575e+08 4.991077e+10 1.409655e+11 0.000000e+00
1.009152e+08 4.545778e+10 1.424610e+11 0.000000e+00
1.010729e+08 4.095992e+10 1.438160e+11 0.000000e+00
1.012306e+08 3.642163e+10 1.450290e+11 0.000000e+00
1.013882e+08 3.184739e+10 1.460988e+11 0.000000e+00
1.015459e+08 2.724171e+10 1.470244e+11 0.000000e+00
1.017036e+08 2.260914e+10 1.478049e+11 0.000000e+00
1.018613e+08 1.795425e+10 1.484395e+11 0.000000e+00
1.020190e+08 1.328164e+10 1.489275e+11 0.000000e+00
1.021766e+08 8.595908e+09 1.492685e+11 0.000000e+00
1.023343e+08 3.901690e+09 1.494620e+11 0.000000e+00
1.024920e+08 -7.963810e+08 1.495080e+11 0.000000e+00
1.026497e+08 -5.493665e+09 1.494064e+11 0.000000e+00
1.028074e+08 -1.018552e+10 1.491572e+11 0.000000e+00
1.029650e+08 -1.486732e+10 1.487607e+11 0.000000e+00
1.031227e+08 -1.953444e+10 1.482172e+11 0.000000e+00
1.032804e+08 -2.418226e+10 1.475274e+11 0.000000e+00
1.034381e+08 -2.880619e+10 1.466918e+11 0.000000e+00
1.035958e+08 -3.340167e+10 1.457113e+11 0.000000e+00
1.037534e+08 -3.796414e+10 1.445869e+11 0.000000e+00
1.039111e+08 -4.248912e+10 1.433196e+11 0.000000e+00
1.040688e+08 -4.697211e+10 1.419107e+11 0.000000e+00
1.042265e+08 -5.140869e+10 1.403616e+11 0.000000e+00
1.043842e+08 -5.579447e+10 1.386739e+11 0.000000e+00
1.045418e+08 -6.012512e+10 1.368490e+11 0.000000e+00
1.046995e+08 -6.439635e+10 1.348890e+11 0.000000e+00
1.048572e+08 -6.860394e+10 1.327956e+11 0.000000e+00
1.050149e+08 -7.274372e+10 1.305710e+11 0.000000e+00
1.051726e+08 -7.681161e+10 1.282173e+11 0.000000e+00
1.053302e+08 -8.080358e+10 1.257369e+11 0.000000e+00
1.054879e+08 -8.471567e+10 1.231322e+11 0.000000e+00
1.056456e+08 -8.854402e+10 1.204058e+11 0.000000e+00
1.058033e+08 -9.228484e+10 1.175604e+11 0.000000e+00
1.059610e+08 -9.593443e+10 1.145988e+11 0.000000e+00
1.061186e+08 -9.948917e+10 1.115238e+11 0.000000e+00
1.062763e+08 -1.029456e+11 1.083386e+11 0.000000e+00
1.064340e+08 -1.063001e+11 1.050463e+11 0.000000e+00
1.065917e+08 -1.095496e+11 1.016501e+11 0.000000e+00
1.067494e+08 -1.126908e+11 9.815337e+10 0.000000e+00
1.069070e+08 -1.157205e+11 9.455961e+10 0.000000e+00
1.070647e+08 -1.186358e+11 9.087233e+10 0.000000e+00
1.072224e+08 -1.214338e+11 8.709519e+10 0.000000e+00
1.073801e+08 -1.241117e+11 8.323192e+10 0.000000e+00
1.075378e+08 -1.266668e+11 7.928633e+10 0.000000e+00
1.076954e+08 -1.290967e+11 7.526233e+10 0.000000e+00
1.078531e+08 -1.313989e+11 7.116389e+10 0.000000e+00
1.080108e+08 -1.335711e+11 6.699507e+10 0.000000e+00
1.081685e+08 -1.356112e+11 6.275998e+10 0.000000e+00
1.083262e+08 -1.375172e+11 5.846281e+10 0.000000e+00
1.084838e+08 -1.392871e+11 5.410782e+10 0.000000e+00
1.086415e+08 -1.409193e+11 4.969930e+10 0.000000e+00
1.087992e+08 -1.424120e+11 4.524162e+10 0.000000e+00
1.089569e+08 -1.437639e+11 4.073919e+10 0.000000e+00
1.091146e+08 -1.449736e+11 3.619646e+10 0.000000e+00
1.092722e+08 -1.460399e+11 3.161793e+10 0.000000e+00
1.094299e+08 -1.469617e+11 2.700811e+10 0.000000e+00
1.095876e+08 -1.477381e+11 2.237158e+10 0.000000e+00
1.097453e+08 -1.483684e+11 1.771292e+10 0.000000e+00
1.099030e+08 -1.488519e+11 1.303673e+10 0.000000e+00
1.100606e+08 -1.491881e+11 8.347645e+09 0.000000e+00
1.102183e+08 -1.493768e+11 3.650304e+09 0.000000e+00
1.103760e+08 -1.494177e+11 -1.050649e+09 0.000000e+00
1.105337e+08 -1.493107e+11 -5.750562e+09 0.000000e+00
1.106914e+08 -1.490561e+11 -1.044479e+10 0.000000e+00
1.108490e+08 -1.486540e+11 -1.512868e+10 0.000000e+00
1.110067e+08 -1.481048e+11 -1.979760e+10 0.000000e+00
1.111644e+08 -1.474091e+11 -2.444694e+10 0.000000e+00
1.113221e+08 -1.465676e+11 -2.907210e+10 0.000000e+00
1.114798e+08 -1.455811e+11 -3.366850e+10 0.000000e+00
1.116374e+08 -1.444506e+11 -3.823159e+10 0.000000e+00
1.117951e+08 -1.431772e+11 -4.275686e+10 0.000000e+00
1.119528e+08 -1.417622e+11 -4.723983e+10 0.000000e+00
1.121105e+08 -1.402069e+11 -5.167608e+10 0.000000e+00
1.122682e+08 -1.385129e+11 -5.606121e+10 0.000000e+00
1.124258e+08 -1.366820e+11 -6.039089e+10 0.000000e+00
1.125835e+08 -1.347158e+11 -6.466083e+10 0.000000e+00
1.127412e+08 -1.326164e+11 -6.886681e+10 0.000000e+00
1.128989e+08 -1.303858e+11 -7.300468e+10 0.000000e+00
1.130566e+08 -1.280263e+11 -7.707035e+10 0.000000e+00
1.132142e+08 -1.255401e+11 -8.105979e+10 0.000000e+00
1.133719e+08 -1.229298e+11 -8.496906e+10 0.000000e+00
1.135296e+08 -1.201979e+11 -8.879430e+10 0.000000e+00
1.136873e+08 -1.173471e+11 -9.253173e+10 0.000000e+00
1.138450e+08 -1.143803e+11 -9.617766e+10 0.000000e+00
1.140026e+08 -1.113004e+11 -9.972847e+10 0.000000e+00
1.141603e+08 -1.081104e+11 -1.031807e+11 0.000000e+00
1.143180e+08 -1.048136e+11 -1.065309e+11 0.000000e+00
1.144757e+08 -1.014131e+11 -1.097757e+11 0.000000e+00
1.146334e+08 -9.791229e+10 -1.129120e+11 0.000000e+00
1.147910e+08 -9.431471e+10 -1.159367e+11 0.000000e+00
1.149487e+08 -9.062389e+10 -1.188468e+11 0.000000e+00
1.151064e+08 -8.684349e+10 -1.216393e+11 0.000000e+00
1.152641e+08 -8.297723e+10 -1.243116e+11 0.000000e+00
1.154218e+08 -7.902896e+10 -1.268611e+11 0.000000e+00
1.155794e+08 -7.500256e+10 -1.292851e+11 0.000000e+00
1.157371e+08 -7.090204e+10 -1.315814e+11 0.000000e+00
1.158948e+08 -6.673143e+10 -1.337476e+11 0.000000e+00
1.160525e+08 -6.249488e+10 -1.357816e+11 0.000000e+00
1.162102e+08 -5.819657e+10 -1.376815e+11 0.000000e+00
1.163678e+08 -5.384075e+10 -1.394453e+11 0.000000e+00
1.165255e+08 -4.943172e+10 -1.410713e+11 0.000000e+00
1.166832e+08 -4.497385e+10 -1.425579e+11 0.000000e+00
1.168409e+08 -4.047155e+10 -1.439036e+11 0.000000e+00
1.169986e+08 -3.592925e+10 -1.451072e+11 0.000000e+00
1.171562e+08 -3.135147e+10 -1.461674e+11 0.000000e+00
1.173139e+08 -2.674271e+10 -1.470832e+11 0.000000e+00
1.174716e+08 -2.210753e+10 -1.478538e+11 0.000000e+00
1.176293e+08 -1.745052e+10 -1.484782e+11 0.000000e+00
1.177870e+08 -1.277627e+10 -1.489561e+11 0.000000e+00
1.179446e+08 -8.089405e+09 -1.492868e+11 0.000000e+00
1.181023e+08 -3.394548e+09 -1.494701e+11 0.000000e+00
1.182600e+08 1.303661e+09 -1.495057e+11 0.000000e+00
1.184177e+08 6.000583e+09 -1.493937e+11 0.000000e+00
1.185754e+08 1.069158e+10 -1.491343e+11 0.000000e+00
1.187330e+08 1.537202e+10 -1.487275e+11 0.000000e+00
1.188907e+08 2.003728e+10 -1.481739e+11 0.000000e+00
1.190484e+08 2.468276e+10 -1.474741e+11 0.000000e+00
1.192061e+08 2.930388e+10 -1.466286e+11 0.000000e+00
1.193638e+08 3.389606e+10 -1.456384e+11 0.000000e+00
1.195214e+08 3.845479e+10 -1.445044e+11 0.000000e+00
1.196791e+08 4.297556e+10 -1.432278e+11 0.000000e+00
1.198368e+08 4.745391e+10 -1.418098e+11 0.000000e+00
1.199945e+08 5.188543e+10 -1.402519e+11 0.000000e+00
1.201522e+08 5.626574e+10 -1.385556e+11 0.000000e+00
1.203098e+08 6.059053e+10 -1.367225e+11 0.000000e+00
1.204675e+08 6.485553e+10 -1.347545e+11 0.000000e+00
1.206252e+08 6.905653e+10 -1.326535e+11 0.000000e+00
1.207829e+08 7.318939e+10 -1.304217e+11 0.000000e+00
1.209406e+08 7.725004e+10 -1.280612e+11 0.000000e+00
1.210982e+08 8.123448e+10 -1.255743e+11 0.000000e+00
1.212559e+08 8.513877e+10 -1.229635e+11 0.000000e+00
1.214136e+08 8.895908e+10 -1.202315e+11 0.000000e+00
1.215713e+08 9.269163e+10 -1.173808e+11 0.000000e+00
1.217290e+08 9.633275e+10 -1.144143e+11 0.000000e+00
1.218866e+08 9.987885e+10 -1.113350e+11 0.000000e+00
1.220443e+08 1.033264e+11 -1.081459e+11 0.000000e+00
1.222020e+08 1.066721e+11 -1.048501e+11 0.000000e+00
1.223597e+08 1.099126e+11 -1.014509e+11 0.000000e+00
1.225174e+08 1.130447e+11 -9.795168e+10 0.000000e+00
1.226750e+08 1.160652e+11 -9.435584e+10 0.000000e+00
1.228327e+08 1.189714e+11 -9.066695e+10 0.000000e+00
1.229904e+08 1.217602e+11 -8.688865e+10 0.000000e+00
1.231481e+08 1.244289e+11 -8.302468e+10 0.000000e+00
1.233058e+08 1.269750e+11 -7.907884e+10 0.000000e+00
1.234634e+08 1.293959e+11 -7.505502e+10 0.000000e+00
1.236211e+08 1.316892e+11 -7.095720e+10 0.000000e+00
1.237788e+08 1.338526e+11 -6.678943e+10 0.000000e+00
1.239365e+08 1.358841e+11 -6.255580e+10 0.000000e+00
1.240942e+08 1.377816e+11 -5.826050e+10 0.000000e+00
1.242518e+08 1.395432e+11 -5.390776e+10 0.000000e+00
1.244095e+08 1.411673e+11 -4.950188e+10 0.000000e+00
1.245672e+08 1.426523e+11 -4.504719e+10 0.000000e+00
1.247249e+08 1.439966e+11 -4.054810e+10 0.000000e+00
1.248826e+08 1.451989e+11 -3.600903e+10 0.000000e+00
1.250402e+08 1.462581e+11 -3.143446e+10 0.000000e+00
1.251979e+08 1.471731e+11 -2.682891e+10 0.000000e+00
1.253556e+08 1.479431e+11 -2.219691e+10 0.000000e+00
1.255133e+08 1.485672e+11 -1.754303e+10 0.000000e+00
1.256710e+08 1.490449e+11 -1.287186e+10 0.000000e+00
1.258286e+08 1.493756e+11 -8.187998e+09 0.000000e+00
1.259863e+08 1.495591e+11 -3.496066e+09 0.000000e+00
1.261440e+08 1.495952e+11 1.199314e+09 0.000000e+00
1.263017e+08 1.494838e+11 5.893510e+09 0.000000e+00
1.264594e+08 1.492250e+11 1.058190e+10 0.000000e+00
1.266170e+08 1.488192e+11 1.525985e+10 0.000000e+00
1.267747e+08 1.482667e+11 1.992277e+10 0.000000e+00
1.269324e+08 1.475680e+11 2.456604e+10 0.000000e+00
1.270901e+08 1.467238e+11 2.918510e+10 0.000000e+00
1.272478e+08 1.457350e+11 3.377539e+10 0.000000e+00
1.274054e+08 1.446025e+11 3.833238e+10 0.000000e+00
1.275631e+08 1.433275e+11 4.285159e+10 0.000000e+00
1.277208e+08 1.419112e+11 4.732855e+10 0.000000e+00
1.278785e+08 1.403550e+11 5.175885e+10 0.000000e+00
1.280362e+08 1.386604e+11 5.613813e+10 0.000000e+00
1.281938e+08 1.368291e+11 6.046206e+10 0.000000e+00
1.283515e+08 1.348630e+11 6.472638e+10 0.000000e+00
1.285092e+08 1.327638e+11 6.892689e+10 0.000000e+00
1.286669e+08 1.305338e+11 7.305944e+10 0.000000e+00
1.288246e+08 1.281750e+11 7.711996e+10 0.000000e+00
1.289822e+08 1.256899e+11 8.110443e+10 0.000000e+00
1.291399e+08 1.230809e+11 8.500894e+10 0.000000e+00
1.292976e+08 1.203504e+11 8.882962e+10 0.000000e+00
1.294553e+08 1.175014e+11 9.256270e+10 0.000000e+00
1.296130e+08 1.145364e+11 9.620451e+10 0.000000e+00
1.297706e+08 1.114585e+11 9.975145e+10 0.000000e+00
1.299283e+08 1.082706e+11 1.032000e+11 0.000000e+00
1.300860e+08 1.049760e+11 1.065468e+11 0.000000e+00
1.302437e+08 1.015779e+11 1.097885e+11 0.000000e+00
1.304014e+08 9.807953e+10 1.129219e+11 0.000000e+00
1.305590e+08 9.448445e+10 1.159439e+11 0.000000e+00
1.307167e+08 9.079617e+10 1.188516e+11 0.000000e+00
1.308744e+08 8.701833e+10 1.216420e+11 0.000000e+00
1.310321e+08 8.315464e+10 1.243125e+11 0.000000e+00
1.311898e+08 7.920892e+10 1.268603e+11 0.000000e+00
1.313474e+08 7.518506e+10 1.292829e+11 0.000000e+00
1.315051e+08 7.108702e+10 1.315780e+11 0.000000e+00
1.316628e+08 6.691883e+10 1.337432e+11 0.000000e+00
1.318205e+08 6.268462e+10 1.357765e+11 0.000000e+00
1.319782e+08 5.838855e+10 1.376758e+11 0.000000e+00
1.321358e+08 5.403487e+10 1.394393e+11 0.000000e+00
1.322935e+08 4.962785e+10 1.410651e+11 0.000000e+00
1.324512e+08 4.517186e+10 1.425517e+11 0.000000e+00
1.326089e+08 4.067129e+10 1.438977e+11 0.000000e+00
1.327666e+08 3.613057e+10 1.451016e+11 0.000000e+00
1.329242e+08 3.155419e+10 1.461622e+11 0.000000e+00
1.330819e+08 2.694666e+10 1.470786e+11 0.000000e+00
1.332396e+08 2.231253e+10 1.478498e+11 0.000000e+00
1.333973e+08 1.765637e+10 1.484750e+11 0.000000e+00
1.335550e+08 1.298277e+10 1.489537e+11 0.000000e+00
1.337126e+08 8.296363e+09 1.492852e+11 0.000000e+00
1.338703e+08 3.601760e+09 1.494694e+11 0.000000e+00
1.340280e+08 -1.096399e+09 1.495059e+11 0.000000e+00
1.341857e+08 -5.793475e+09 1.493949e+11 0.000000e+00
1.343434e+08 -1.048483e+10 1.491363e+11 0.000000e+00
1.345010e+08 -1.516583e+10 1.487303e+11 0.000000e+00
1.346587e+08 -1.983185e+10 1.481775e+11 0.000000e+00
1.348164e+08 -2.447828e+10 1.474784e+11 0.000000e+00
1.349741e+08 -2.910053e+10 1.466335e+11 0.000000e+00
1.351318e+08 -3.369404e+10 1.456438e+11 0.000000e+00
1.352894e+08 -3.825426e+10 1.445102e+11 0.000000e+00
1.354471e+08 -4.277668e+10 1.432339e+11 0.000000e+00
1.356048e+08 -4.725684e+10 1.418160e+11 0.000000e+00
1.357625e+08 -5.169031e+10 1.402580e+11 0.000000e+00
1.359202e+08 -5.607270e+10 1.385614e+11 0.000000e+00
1.360778e+08 -6.039968e+10 1.367279e+11 0.000000e+00
1.362355e+08 -6.466697e+10 1.347593e+11 0.000000e+00
1.363932e+08 -6.887035e+10 1.326575e+11 0.000000e+00
1.365509e+08 -7.300567e+10 1.304245e+11 0.000000e+00
1.367086e+08 -7.706883e+10 1.280627e+11 0.000000e+00
1.368662e+08 -8.105581e+10 1.255743e+11 0.000000e+00
1.370239e+08 -8.496268e+10 1.229618e+11 0.000000e+00
1.371816e+08 -8.878555e+10 1.202277e+11 0.000000e+00
1.373393e+08 -9.252065e+10 1.173747e+11 0.000000e+00
1.374970e+08 -9.616429e+10 1.144058e+11 0.000000e+00
1.376546e+08 -9.971286e+10 1.113237e+11 0.000000e+00
1.378123e+08 -1.031628e+11 1.081315e+11 0.000000e+00
1.379700e+08 -1.065108e+11 1.048325e+11 0.000000e+00
1.381277e+08 -1.097535e+11 1.014298e+11 0.000000e+00
1.382854e+08 -1.128876e+11 9.792676e+10 0.000000e+00
1.384430e+08 -1.159101e+11 9.432691e+10 0.000000e+00
1.386007e+08 -1.188180e+11 9.063379e+10 0.000000e+00
1.387584e+08 -1.216084e+11 8.685104e+10 0.000000e+00
1.389161e+08 -1.242785e+11 8.298239e+10 0.000000e+00
1.390738e+08 -1.268257e+11 7.903168e+10 0.000000e+00
1.392314e+08 -1.292475e+11 7.500281e+10 0.000000e+00
1.393891e+08 -1.315415e+11 7.089975e+10 0.000000e+00
1.395468e+08 -1.337053e+11 6.672657e+10 0.000000e+00
1.397045e+08 -1.357369e+11 6.248739e+10 0.000000e+00
1.398622e+08 -1.376343e+11 5.818640e+10 0.000000e+00
1.400198e+08 -1.393955e+11 5.382786e+10 0.000000e+00
1.401775e+08 -1.410188e+11 4.941608e+10 0.000000e+00
1.403352e+08 -1.425026e+11 4.495541e+10 0.000000e+00
1.404929e+08 -1.438454e+11 4.045027e+10 0.000000e+00
1.406506e+08 -1.450460e+11 3.590512e+10 0.000000e+00
1.408082e+08 -1.461031e+11 3.132445e+10 0.000000e+00
1.409659e+08 -1.470156e+11 2.671279e+10 0.000000e+00
1.411236e+08 -1.477828e+11 2.207471e+10 0.000000e+00
1.412813e+08 -1.484037e+11 1.741479e+10 0.000000e+00
1.414390e+08 -1.488778e+11 1.273764e+10 0.000000e+00
1.415966e+08 -1.492046e+11 8.047892e+09 0.000000e+00
1.417543e+08 -1.493838e+11 3.350181e+09 0.000000e+00
1.419120e+08 -1.494153e+11 -1.350844e+09 0.000000e+00
1.420697e+08 -1.492989e+11 -6.050533e+09 0.000000e+00
1.422274e+08 -1.490348e+11 -1.074424e+10 0.000000e+00
1.423850e+08 -1.486233e+11 -1.542731e+10 0.000000e+00
1.425427e+08 -1.480647e+11 -2.009512e+10 0.000000e+00
1.427004e+08 -1.473597e+11 -2.474306e+10 0.000000e+00
1.428581e+08 -1.465089e+11 -2.936651e+10 0.000000e+00
1.430158e+08 -1.455132e+11 -3.396092e+10 0.000000e+00
1.431734e+08 -1.443735e+11 -3.852173e+10 0.000000e+00
1.433311e+08 -1.430911e+11 -4.304443e+10 0.000000e+00
1.434888e+08 -1.416670e+11 -4.752455e+10 0.000000e+00
1.436465e+08 -1.401028e+11 -5.195767e+10 0.000000e+00
1.438042e+08 -1.384001e+11 -5.633939e+10 0.000000e+00
1.439618e+08 -1.365604e+11 -6.066537e+10 0.000000e+00
1.441195e+08 -1.345857e+11 -6.493136e+10 0.000000e+00
1.442772e+08 -1.324778e+11 -6.913312e+10 0.000000e+00
1.444349e+08 -1.302390e+11 -7.326650e+10 0.000000e+00
1.445926e+08 -1.278713e+11 -7.732742e+10 0.000000e+00
1.447502e+08 -1.253771e+11 -8.131186e+10 0.000000e+00
1.449079e+08 -1.227589e+11 -8.521588e+10 0.000000e+00
1.450656e+08 -1.200194e+11 -8.903562e+10 0.000000e+00
1.452233e+08 -1.171611e+11 -9.276732e+10 0.000000e+00
1.453810e+08 -1.141870e+11 -9.640728e+10 0.000000e+00
1.455386e+08 -1.111000e+11 -9.995190e+10 0.000000e+00
1.456963e+08 -1.079031e+11 -1.033977e+11 0.000000e+00
1.458540e+08 -1.045995e+11 -1.067412e+11 0.000000e+00
1.460117e+08 -1.011925e+11 -1.099793e+11 0.000000e+00
1.461694e+08 -9.768542e+10 -1.131085e+11 0.000000e+00
1.463270e+08 -9.408178e+10 -1.161260e+11 0.000000e+00
1.464847e+08 -9.038513e+10 -1.190286e+11 0.000000e+00
1.466424e+08 -8.659913e+10 -1.218136e+11 0.000000e+00
1.468001e+08 -8.272752e+10 -1.244781e+11 0.000000e+00
1.469578e+08 -7.877414e+10 -1.270196e+11 0.000000e+00
1.471154e+08 -7.474289e+10 -1.294356e+11 0.000000e+00
1.472731e+08 -7.063777e+10 -1.317236e+11 0.000000e+00
1.474308e+08 -6.646283e+10 -1.338815e+11 0.000000e+00
1.475885e+08 -6.222221e+10 -1.359070e+11 0.000000e+00
1.477462e+08 -5.792010e+10 -1.377982e+11 0.000000e+00
1.479038e+08 -5.356075e+10 -1.395532e+11 0.000000e+00
1.480615e+08 -4.914847e+10 -1.411704e+11 0.000000e+00
1.482192e+08 -4.468763e+10 -1.426480e+11 0.000000e+00
1.483769e+08 -4.018264e+10 -1.439847e+11 0.000000e+00
1.485346e+08 -3.563795e+10 -1.451792e+11 0.000000e+00
1.486922e+08 -3.105805e+10 -1.462302e+11 0.000000e+00
1.488499e+08 -2.644747e+10 -1.471368e+11 0.000000e+00
1.490076e+08 -2.181076e+10 -1.478980e+11 0.000000e+00
1.491653e+08 -1.715251e+10 -1.485131e+11 0.000000e+00
1.493230e+08 -1.247732e+10 -1.489816e+11 0.000000e+00
1.494806e+08 -7.789801e+09 -1.493029e+11 0.000000e+00
1.496383e+08 -3.094591e+09 -1.494767e+11 0.000000e+00
1.497960e+08 1.603674e+09 -1.495030e+11 0.000000e+00
1.499537e+08 6.300357e+09 -1.493816e+11 0.000000e+00
1.501114e+08 1.099082e+10 -1.491127e+11 0.000000e+00
1.502690e+08 1.567043e+10 -1.486965e+11 0.000000e+00
1.504267e+08 2.033456e+10 -1.481336e+11 0.000000e+00
1.505844e+08 2.497862e+10 -1.474244e+11 0.000000e+00
1.507421e+08 2.959803e+10 -1.465697e+11 0.000000e+00
1.508998e+08 3.418821e+10 -1.455703e+11 0.000000e+00
1.510574e+08 3.874465e+10 -1.444271e+11 0.000000e+00
1.512151e+08 4.326284e+10 -1.431415e+11 0.000000e+00
1.513728e+08 4.773834e+10 -1.417145e+11 0.000000e+00
1.515305e+08 5.216671e+10 -1.401477e+11 0.000000e+00
1.516882e+08 5.654361e+10 -1.384426e+11 0.000000e+00
1.518458e+08 6.086471e+10 -1.366008e+11 0.000000e+00
1.520035e+08 6.512574e+10 -1.346243e+11 0.000000e+00
1.521612e+08 6.932251e+10 -1.325149e+11 0.000000e+00
1.523189e+08 7.345089e+10 -1.302748e+11 0.000000e+00
1.524766e+08 7.750679e+10 -1.279061e+11 0.000000e+00
1.526342e+08 8.148623e+10 -1.254112e+11 0.000000e+00
1.527919e+08 8.538527e+10 -1.227927e+11 0.000000e+00
1.529496e+08 8.920009e+10 -1.200529e+11 0.000000e+00
1.531073e+08 9.292691e+10 -1.171948e+11 0.000000e+00
1.532650e+08 9.656206e+10 -1.142210e+11 0.000000e+00
1.534226e+08 1.001020e+11 -1.111346e+11 0.000000e+00
1.535803e+08 1.035432e+11 -1.079386e+11 0.000000e+00
1.537380e+08 1.068822e+11 -1.046361e+11 0.000000e+00
1.538957e+08 1.101159e+11 -1.012304e+11 0.000000e+00
1.540534e+08 1.132409e+11 -9.772492e+10 0.000000e+00
1.542110e+08 1.162543e+11 -9.412303e+10 0.000000e+00
1.543687e+08 1.191530e+11 -9.042832e+10 0.000000e+00
1.545264e+08 1.219342e+11 -8.664444e+10 0.000000e+00
1.546841e+08 1.245952e+11 -8.277512e+10 0.000000e+00
1.548418e+08 1.271334e+11 -7.882418e+10 0.000000e+00
1.549994e+08 1.295461e+11 -7.479552e+10 0.000000e+00
1.551571e+08 1.318312e+11 -7.069311e+10 0.000000e+00
1.553148e+08 1.339863e+11 -6.652101e+10 0.000000e+00
1.554725e+08 1.360093e+11 -6.228332e+10 0.000000e+00
1.556302e+08 1.378981e+11 -5.798422e+10 0.000000e+00
1.557878e+08 1.396511e+11 -5.362796e+10 0.000000e+00
1.559455e+08 1.412663e+11 -4.921883e+10 0.000000e+00
1.561032e+08 1.427423e+11 -4.476118e+10 0.000000e+00
1.562609e+08 1.440776e+11 -4.025940e+10 0.000000e+00
1.564186e+08 1.452708e+11 -3.571793e+10 0.000000e+00
1.565762e+08 1.463209e+11 -3.114125e+10 0.000000e+00
1.567339e+08 1.472267e+11 -2.653387e+10 0.000000e+00
1.568916e+08 1.479873e+11 -2.190034e+10 0.000000e+00
1.570493e+08 1.486021e+11 -1.724522e+10 0.000000e+00
1.572070e+08 1.490704e+11 -1.257310e+10 0.000000e+00
1.573646e+08 1.493917e+11 -7.888581e+09 0.000000e+00
1.575223e+08 1.495658e+11 -3.196290e+09 0.000000e+00
