0.000000e+00 1.496000e+11 0.000000e+00 0.000000e+00
1.576800e+05 1.495263e+11 4.695710e+09 0.000000e+00
3.153600e+05 1.493051e+11 9.386792e+09 0.000000e+00
4.730400e+05 1.489368e+11 1.406862e+10 0.000000e+00
6.307200e+05 1.484216e+11 1.873658e+10 0.000000e+00
7.884000e+05 1.477601e+11 2.338606e+10 0.000000e+00
9.460800e+05 1.469530e+11 2.801250e+10 0.000000e+00
1.103760e+06 1.460010e+11 3.261131e+10 0.000000e+00
1.261440e+06 1.449050e+11 3.717798e+10 0.000000e+00
1.419120e+06 1.436662e+11 4.170799e+10 0.000000e+00
1.576800e+06 1.422858e+11 4.619689e+10 0.000000e+00
1.734480e+06 1.407650e+11 5.064024e+10 0.000000e+00
1.892160e+06 1.391055e+11 5.503367e+10 0.000000e+00
2.049840e+06 1.373089e+11 5.937284e+10 0.000000e+00
2.207520e+06 1.353769e+11 6.365347e+10 0.000000e+00
2.365200e+06 1.333114e+11 6.787135e+10 0.000000e+00
2.522880e+06 1.311145e+11 7.202231e+10 0.000000e+00
2.680560e+06 1.287883e+11 7.610225e+10 0.000000e+00
2.838240e+06 1.263351e+11 8.010717e+10 0.000000e+00
2.995920e+06 1.237574e+11 8.403310e+10 0.000000e+00
3.153600e+06 1.210576e+11 8.787617e+10 0.000000e+00
3.311280e+06 1.182385e+11 9.163259e+10 0.000000e+00
3.468960e+06 1.153027e+11 9.529867e+10 0.000000e+00
3.626640e+06 1.122533e+11 9.887077e+10 0.000000e+00
3.784320e+06 1.090932e+11 1.023454e+11 0.000000e+00
3.942000e+06 1.058255e+11 1.057191e+11 0.000000e+00
4.099680e+06 1.024535e+11 1.089885e+11 0.000000e+00
4.257360e+06 9.898042e+10 1.121504e+11 0.000000e+00
4.415040e+06 9.540974e+10 1.152018e+11 0.000000e+00
4.572720e+06 9.174496e+10 1.181395e+11 0.000000e+00
4.730400e+06 8.798969e+10 1.209608e+11 0.000000e+00
4.888080e+06 8.414765e+10 1.236627e+11 0.000000e+00
5.045760e+06 8.022262e+10 1.262427e+11 0.000000e+00
5.203440e+06 7.621846e+10 1.286981e+11 0.000000e+00
5.361120e+06 7.213913e+10 1.310266e+11 0.000000e+00
5.518800e+06 6.798863e+10 1.332259e+11 0.000000e+00
5.676480e+06 6.377108e+10 1.352937e+11 0.000000e+00
5.834160e+06 5.949062e+10 1.372282e+11 0.000000e+00
5.991840e+06 5.515148e+10 1.390272e+11 0.000000e+00
6.149520e+06 5.075793e+10 1.406891e+11 0.000000e+00
6.307200e+06 4.631431e+10 1.422122e+11 0.000000e+00
6.464880e+06 4.182500e+10 1.435950e+11 0.000000e+00
6.622560e+06 3.729442e+10 1.448361e+11 0.000000e+00
6.780240e+06 3.272705e+10 1.459343e+11 0.000000e+00
6.937920e+06 2.812739e+10 1.468886e+11 0.000000e+00
7.095600e+06 2.349998e+10 1.476979e+11 0.000000e+00
7.253280e+06 1.884938e+10 1.483615e+11 0.000000e+00
7.410960e+06 1.418018e+10 1.488787e+11 0.000000e+00
7.568640e+06 9.496985e+09 1.492490e+11 0.000000e+00
7.726320e+06 4.804421e+09 1.494720e+11 0.000000e+00
7.884000e+06 1.071163e+08 1.495475e+11 0.000000e+00
8.041680e+06 -4.590294e+09 1.494754e+11 0.000000e+00
8.199360e+06 -9.283174e+09 1.492558e+11 0.000000e+00
8.357040e+06 -1.396689e+10 1.488889e+11 0.000000e+00
8.514720e+06 -1.863683e+10 1.483751e+11 0.000000e+00
8.672400e+06 -2.328837e+10 1.477148e+11 0.000000e+00
8.830080e+06 -2.791692e+10 1.469087e+11 0.000000e+00
8.987760e+06 -3.251792e+10 1.459576e+11 0.000000e+00
9.145440e+06 -3.708682e+10 1.448625e+11 0.000000e+00
9.303120e+06 -4.161911e+10 1.436243e+11 0.000000e+00
9.460800e+06 -4.611031e+10 1.422444e+11 0.000000e+00
9.618480e+06 -5.055600e+10 1.407240e+11 0.000000e+00
9.776160e+06 -5.495178e+10 1.390647e+11 0.000000e+00
9.933840e+06 -5.929330e+10 1.372681e+11 0.000000e+00
1.009152e+07 -6.357629e+10 1.353360e+11 0.000000e+00
1.024920e+07 -6.779651e+10 1.332703e+11 0.000000e+00
1.040688e+07 -7.194979e+10 1.310730e+11 0.000000e+00
1.056456e+07 -7.603203e+10 1.287463e+11 0.000000e+00
1.072224e+07 -8.003920e+10 1.262925e+11 0.000000e+00
1.087992e+07 -8.396734e+10 1.237139e+11 0.000000e+00
1.103760e+07 -8.781256e+10 1.210132e+11 0.000000e+00
1.119528e+07 -9.157107e+10 1.181930e+11 0.000000e+00
1.135296e+07 -9.523915e+10 1.152561e+11 0.000000e+00
1.151064e+07 -9.881318e+10 1.122054e+11 0.000000e+00
1.166832e+07 -1.022896e+11 1.090438e+11 0.000000e+00
1.182600e+07 -1.056651e+11 1.057746e+11 0.000000e+00
1.198368e+07 -1.089361e+11 1.024009e+11 0.000000e+00
1.214136e+07 -1.120996e+11 9.892608e+10 0.000000e+00
1.229904e+07 -1.151524e+11 9.535355e+10 0.000000e+00
1.245672e+07 -1.180915e+11 9.168684e+10 0.000000e+00
1.261440e+07 -1.209139e+11 8.792958e+10 0.000000e+00
1.277208e+07 -1.236168e+11 8.408547e+10 0.000000e+00
1.292976e+07 -1.261977e+11 8.015831e+10 0.000000e+00
1.308744e+07 -1.286540e+11 7.615197e+10 0.000000e+00
1.324512e+07 -1.309831e+11 7.207041e+10 0.000000e+00
1.340280e+07 -1.331829e+11 6.791766e+10 0.000000e+00
1.356048e+07 -1.352511e+11 6.369782e+10 0.000000e+00
1.371816e+07 -1.371857e+11 5.941506e+10 0.000000e+00
1.387584e+07 -1.389848e+11 5.507362e+10 0.000000e+00
1.403352e+07 -1.406466e+11 5.067776e+10 0.000000e+00
1.419120e+07 -1.421695e+11 4.623185e+10 0.000000e+00
1.434888e+07 -1.435519e+11 4.174027e+10 0.000000e+00
1.450656e+07 -1.447925e+11 3.720745e+10 0.000000e+00
1.466424e+07 -1.458901e+11 3.263788e+10 0.000000e+00
1.482192e+07 -1.468436e+11 2.803606e+10 0.000000e+00
1.497960e+07 -1.476520e+11 2.340655e+10 0.000000e+00
1.513728e+07 -1.483145e+11 1.875392e+10 0.000000e+00
1.529496e+07 -1.488305e+11 1.408276e+10 0.000000e+00
1.545264e+07 -1.491995e+11 9.397684e+09 0.000000e+00
1.561032e+07 -1.494211e+11 4.703327e+09 0.000000e+00
1.576800e+07 -1.494951e+11 4.323010e+06 0.000000e+00
1.592568e+07 -1.494214e+11 -4.694685e+09 0.000000e+00
1.608336e+07 -1.492001e+11 -9.389055e+09 0.000000e+00
1.624104e+07 -1.488313e+11 -1.407415e+10 0.000000e+00
1.639872e+07 -1.483156e+11 -1.874534e+10 0.000000e+00
1.655640e+07 -1.476533e+11 -2.339801e+10 0.000000e+00
1.671408e+07 -1.468452e+11 -2.802757e+10 0.000000e+00
1.687176e+07 -1.458920e+11 -3.262944e+10 0.000000e+00
1.702944e+07 -1.447947e+11 -3.719908e+10 0.000000e+00
1.718712e+07 -1.435543e+11 -4.173197e+10 0.000000e+00
1.734480e+07 -1.421722e+11 -4.622363e+10 0.000000e+00
1.750248e+07 -1.406496e+11 -5.066963e+10 0.000000e+00
1.766016e+07 -1.389880e+11 -5.506558e+10 0.000000e+00
1.781784e+07 -1.371892e+11 -5.940713e+10 0.000000e+00
1.797552e+07 -1.352548e+11 -6.369000e+10 0.000000e+00
1.813320e+07 -1.331868e+11 -6.790996e+10 0.000000e+00
1.829088e+07 -1.309873e+11 -7.206283e+10 0.000000e+00
1.844856e+07 -1.286584e+11 -7.614453e+10 0.000000e+00
1.860624e+07 -1.262024e+11 -8.015101e+10 0.000000e+00
1.876392e+07 -1.236218e+11 -8.407832e+10 0.000000e+00
1.892160e+07 -1.209190e+11 -8.792259e+10 0.000000e+00
1.907928e+07 -1.180968e+11 -9.168002e+10 0.000000e+00
1.923696e+07 -1.151580e+11 -9.534689e+10 0.000000e+00
1.939464e+07 -1.121054e+11 -9.891960e+10 0.000000e+00
1.955232e+07 -1.089421e+11 -1.023946e+11 0.000000e+00
1.971000e+07 -1.056713e+11 -1.057685e+11 0.000000e+00
1.986768e+07 -1.022960e+11 -1.090379e+11 0.000000e+00
2.002536e+07 -9.881975e+10 -1.121997e+11 0.000000e+00
2.018304e+07 -9.524590e+10 -1.152506e+11 0.000000e+00
2.034072e+07 -9.157799e+10 -1.181877e+11 0.000000e+00
2.049840e+07 -8.781965e+10 -1.210081e+11 0.000000e+00
2.065608e+07 -8.397458e+10 -1.237091e+11 0.000000e+00
2.081376e+07 -8.004660e+10 -1.262878e+11 0.000000e+00
2.097144e+07 -7.603958e+10 -1.287419e+11 0.000000e+00
2.112912e+07 -7.195748e+10 -1.310689e+11 0.000000e+00
2.128680e+07 -6.780433e+10 -1.332664e+11 0.000000e+00
2.144448e+07 -6.358423e+10 -1.353324e+11 0.000000e+00
2.160216e+07 -5.930136e+10 -1.372647e+11 0.000000e+00
2.175984e+07 -5.495994e+10 -1.390616e+11 0.000000e+00
2.191752e+07 -5.056426e+10 -1.407211e+11 0.000000e+00
2.207520e+07 -4.611867e+10 -1.422417e+11 0.000000e+00
2.223288e+07 -4.162754e+10 -1.436219e+11 0.000000e+00
2.239056e+07 -3.709533e+10 -1.448604e+11 0.000000e+00
2.254824e+07 -3.252649e+10 -1.459558e+11 0.000000e+00
2.270592e+07 -2.792555e+10 -1.469072e+11 0.000000e+00
2.286360e+07 -2.329705e+10 -1.477135e+11 0.000000e+00
2.302128e+07 -1.864555e+10 -1.483741e+11 0.000000e+00
2.317896e+07 -1.397565e+10 -1.488882e+11 0.000000e+00
2.333664e+07 -9.291958e+09 -1.492554e+11 0.000000e+00
2.349432e+07 -4.599093e+09 -1.494752e+11 0.000000e+00
2.365200e+07 9.831063e+07 -1.495476e+11 0.000000e+00
2.380968e+07 4.795617e+09 -1.494724e+11 0.000000e+00
2.396736e+07 9.488192e+09 -1.492496e+11 0.000000e+00
2.412504e+07 1.417140e+10 -1.488796e+11 0.000000e+00
2.428272e+07 1.884063e+10 -1.483627e+11 0.000000e+00
2.444040e+07 2.349127e+10 -1.476994e+11 0.000000e+00
2.459808e+07 2.811873e+10 -1.468903e+11 0.000000e+00
2.475576e+07 3.271844e+10 -1.459363e+11 0.000000e+00
2.491344e+07 3.728587e+10 -1.448384e+11 0.000000e+00
2.507112e+07 4.181652e+10 -1.435975e+11 0.000000e+00
2.522880e+07 4.630591e+10 -1.422150e+11 0.000000e+00
2.538648e+07 5.074962e+10 -1.406921e+11 0.000000e+00
2.554416e+07 5.514327e+10 -1.390305e+11 0.000000e+00
2.570184e+07 5.948251e+10 -1.372317e+11 0.000000e+00
2.585952e+07 6.376308e+10 -1.352976e+11 0.000000e+00
2.601720e+07 6.798076e+10 -1.332300e+11 0.000000e+00
2.617488e+07 7.213138e+10 -1.310310e+11 0.000000e+00
2.633256e+07 7.621085e+10 -1.287027e+11 0.000000e+00
2.649024e+07 8.021515e+10 -1.262475e+11 0.000000e+00
2.664792e+07 8.414034e+10 -1.236677e+11 0.000000e+00
2.680560e+07 8.798253e+10 -1.209660e+11 0.000000e+00
2.696328e+07 9.173796e+10 -1.181450e+11 0.000000e+00
2.712096e+07 9.540291e+10 -1.152075e+11 0.000000e+00
2.727864e+07 9.897378e+10 -1.121564e+11 0.000000e+00
2.743632e+07 1.024470e+11 -1.089946e+11 0.000000e+00
2.759400e+07 1.058193e+11 -1.057254e+11 0.000000e+00
2.775168e+07 1.090872e+11 -1.023519e+11 0.000000e+00
2.790936e+07 1.122475e+11 -9.887750e+10 0.000000e+00
2.806704e+07 1.152971e+11 -9.530558e+10 0.000000e+00
2.822472e+07 1.182330e+11 -9.163968e+10 0.000000e+00
2.838240e+07 1.210524e+11 -8.788343e+10 0.000000e+00
2.854008e+07 1.237524e+11 -8.404052e+10 0.000000e+00
2.869776e+07 1.263304e+11 -8.011474e+10 0.000000e+00
2.885544e+07 1.287838e+11 -7.610997e+10 0.000000e+00
2.901312e+07 1.311102e+11 -7.203016e+10 0.000000e+00
2.917080e+07 1.333074e+11 -6.787934e+10 0.000000e+00
2.932848e+07 1.353731e+11 -6.366158e+10 0.000000e+00
2.948616e+07 1.373054e+11 -5.938107e+10 0.000000e+00
2.964384e+07 1.391023e+11 -5.504201e+10 0.000000e+00
2.980152e+07 1.407620e+11 -5.064868e+10 0.000000e+00
2.995920e+07 1.422830e+11 -4.620542e+10 0.000000e+00
3.011688e+07 1.436637e+11 -4.171660e+10 0.000000e+00
3.027456e+07 1.449028e+11 -3.718666e+10 0.000000e+00
3.043224e+07 1.459990e+11 -3.262006e+10 0.000000e+00
3.058992e+07 1.469513e+11 -2.802130e+10 0.000000e+00
3.074760e+07 1.477587e+11 -2.339492e+10 0.000000e+00
3.090528e+07 1.484205e+11 -1.874547e+10 0.000000e+00
3.106296e+07 1.489359e+11 -1.407754e+10 0.000000e+00
3.122064e+07 1.493046e+11 -9.395739e+09 0.000000e+00
3.137832e+07 1.495260e+11 -4.704671e+09 0.000000e+00
3.153600e+07 1.496000e+11 -8.965095e+06 0.000000e+00
3.169368e+07 1.495265e+11 4.686750e+09 0.000000e+00
3.185136e+07 1.493057e+11 9.377844e+09 0.000000e+00
3.200904e+07 1.489376e+11 1.405969e+10 0.000000e+00
3.216672e+07 1.484227e+11 1.872768e+10 0.000000e+00
3.232440e+07 1.477615e+11 2.337721e+10 0.000000e+00
3.248208e+07 1.469547e+11 2.800369e+10 0.000000e+00
3.263976e+07 1.460029e+11 3.260256e+10 0.000000e+00
3.279744e+07 1.449072e+11 3.716930e+10 0.000000e+00
3.295512e+07 1.436687e+11 4.169939e+10 0.000000e+00
3.311280e+07 1.422885e+11 4.618836e+10 0.000000e+00
3.327048e+07 1.407681e+11 5.063181e+10 0.000000e+00
3.342816e+07 1.391088e+11 5.502533e+10 0.000000e+00
3.358584e+07 1.373124e+11 5.936461e+10 0.000000e+00
3.374352e+07 1.353807e+11 6.364536e+10 0.000000e+00
3.390120e+07 1.333154e+11 6.786336e+10 0.000000e+00
3.405888e+07 1.311188e+11 7.201445e+10 0.000000e+00
3.421656e+07 1.287928e+11 7.609453e+10 0.000000e+00
3.437424e+07 1.263399e+11 8.009959e+10 0.000000e+00
3.453192e+07 1.237623e+11 8.402568e+10 0.000000e+00
3.468960e+07 1.210628e+11 8.786891e+10 0.000000e+00
3.484728e+07 1.182439e+11 9.162550e+10 0.000000e+00
3.500496e+07 1.153084e+11 9.529175e+10 0.000000e+00
3.516264e+07 1.122592e+11 9.886403e+10 0.000000e+00
3.532032e+07 1.090993e+11 1.023388e+11 0.000000e+00
3.547800e+07 1.058318e+11 1.057127e+11 0.000000e+00
3.563568e+07 1.024600e+11 1.089823e+11 0.000000e+00
3.579336e+07 9.898707e+10 1.121445e+11 0.000000e+00
3.595104e+07 9.541656e+10 1.151961e+11 0.000000e+00
3.610872e+07 9.175195e+10 1.181340e+11 0.000000e+00
3.626640e+07 8.799685e+10 1.209555e+11 0.000000e+00
3.642408e+07 8.415497e+10 1.236576e+11 0.000000e+00
3.658176e+07 8.023009e+10 1.262378e+11 0.000000e+00
3.673944e+07 7.622607e+10 1.286935e+11 0.000000e+00
3.689712e+07 7.214687e+10 1.310223e+11 0.000000e+00
3.705480e+07 6.799651e+10 1.332218e+11 0.000000e+00
3.721248e+07 6.377908e+10 1.352899e+11 0.000000e+00
3.737016e+07 5.949873e+10 1.372246e+11 0.000000e+00
3.752784e+07 5.515969e+10 1.390238e+11 0.000000e+00
3.768552e+07 5.076624e+10 1.406860e+11 0.000000e+00
3.784320e+07 4.632271e+10 1.422094e+11 0.000000e+00
3.800088e+07 4.183347e+10 1.435924e+11 0.000000e+00
3.815856e+07 3.730297e+10 1.448338e+11 0.000000e+00
3.831624e+07 3.273566e+10 1.459323e+11 0.000000e+00
3.847392e+07 2.813605e+10 1.468869e+11 0.000000e+00
3.863160e+07 2.350868e+10 1.476964e+11 0.000000e+00
3.878928e+07 1.885812e+10 1.483603e+11 0.000000e+00
3.894696e+07 1.418895e+10 1.488778e+11 0.000000e+00
3.910464e+07 9.505777e+09 1.492483e+11 0.000000e+00
3.926232e+07 4.813224e+09 1.494716e+11 0.000000e+00
3.942000e+07 1.159217e+08 1.495474e+11 0.000000e+00
3.957768e+07 -4.581495e+09 1.494756e+11 0.000000e+00
3.973536e+07 -9.274391e+09 1.492563e+11 0.000000e+00
3.989304e+07 -1.395813e+10 1.488897e+11 0.000000e+00
4.005072e+07 -1.862810e+10 1.483761e+11 0.000000e+00
4.020840e+07 -2.327968e+10 1.477161e+11 0.000000e+00
4.036608e+07 -2.790828e+10 1.469103e+11 0.000000e+00
4.052376e+07 -3.250934e+10 1.459595e+11 0.000000e+00
4.068144e+07 -3.707831e+10 1.448646e+11 0.000000e+00
4.083912e+07 -4.161067e+10 1.436267e+11 0.000000e+00
4.099680e+07 -4.610196e+10 1.422470e+11 0.000000e+00
4.115448e+07 -5.054774e+10 1.407269e+11 0.000000e+00
4.131216e+07 -5.494362e+10 1.390679e+11 0.000000e+00
4.146984e+07 -5.928525e+10 1.372715e+11 0.000000e+00
4.162752e+07 -6.356835e+10 1.353397e+11 0.000000e+00
4.178520e+07 -6.778870e+10 1.332742e+11 0.000000e+00
4.194288e+07 -7.194211e+10 1.310772e+11 0.000000e+00
4.210056e+07 -7.602449e+10 1.287507e+11 0.000000e+00
4.225824e+07 -8.003180e+10 1.262971e+11 0.000000e+00
4.241592e+07 -8.396009e+10 1.237188e+11 0.000000e+00
4.257360e+07 -8.780547e+10 1.210183e+11 0.000000e+00
4.273128e+07 -9.156415e+10 1.181983e+11 0.000000e+00
4.288896e+07 -9.523240e+10 1.152616e+11 0.000000e+00
4.304664e+07 -9.880662e+10 1.122111e+11 0.000000e+00
4.320432e+07 -1.022833e+11 1.090497e+11 0.000000e+00
4.336200e+07 -1.056589e+11 1.057807e+11 0.000000e+00
4.351968e+07 -1.089302e+11 1.024072e+11 0.000000e+00
4.367736e+07 -1.120938e+11 9.893256e+10 0.000000e+00
4.383504e+07 -1.151468e+11 9.536021e+10 0.000000e+00
4.399272e+07 -1.180861e+11 9.169367e+10 0.000000e+00
4.415040e+07 -1.209087e+11 8.793657e+10 0.000000e+00
4.430808e+07 -1.236119e+11 8.409262e+10 0.000000e+00
4.446576e+07 -1.261930e+11 8.016560e+10 0.000000e+00
4.462344e+07 -1.286495e+11 7.615940e+10 0.000000e+00
4.478112e+07 -1.309789e+11 7.207798e+10 0.000000e+00
4.493880e+07 -1.331789e+11 6.792536e+10 0.000000e+00
4.509648e+07 -1.352474e+11 6.370564e+10 0.000000e+00
4.525416e+07 -1.371822e+11 5.942300e+10 0.000000e+00
4.541184e+07 -1.389816e+11 5.508165e+10 0.000000e+00
4.556952e+07 -1.406437e+11 5.068590e+10 0.000000e+00
4.572720e+07 -1.421668e+11 4.624007e+10 0.000000e+00
4.588488e+07 -1.435495e+11 4.174857e+10 0.000000e+00
4.604256e+07 -1.447904e+11 3.721583e+10 0.000000e+00
4.620024e+07 -1.458882e+11 3.264632e+10 0.000000e+00
4.635792e+07 -1.468419e+11 2.804456e+10 0.000000e+00
4.651560e+07 -1.476506e+11 2.341509e+10 0.000000e+00
4.667328e+07 -1.483134e+11 1.876250e+10 0.000000e+00
4.683096e+07 -1.488297e+11 1.409136e+10 0.000000e+00
4.698864e+07 -1.491990e+11 9.406313e+09 0.000000e+00
4.714632e+07 -1.494208e+11 4.711968e+09 0.000000e+00
4.730400e+07 -1.494951e+11 1.296903e+07 0.000000e+00
4.746168e+07 -1.494217e+11 -4.686043e+09 0.000000e+00
4.761936e+07 -1.492006e+11 -9.380426e+09 0.000000e+00
4.777704e+07 -1.488322e+11 -1.406554e+10 0.000000e+00
4.793472e+07 -1.483167e+11 -1.873676e+10 0.000000e+00
4.809240e+07 -1.476547e+11 -2.338947e+10 0.000000e+00
4.825008e+07 -1.468468e+11 -2.801908e+10 0.000000e+00
4.840776e+07 -1.458939e+11 -3.262100e+10 0.000000e+00
4.856544e+07 -1.447969e+11 -3.719070e+10 0.000000e+00
4.872312e+07 -1.435568e+11 -4.172366e+10 0.000000e+00
4.888080e+07 -1.421749e+11 -4.621541e+10 0.000000e+00
4.903848e+07 -1.406525e+11 -5.066150e+10 0.000000e+00
4.919616e+07 -1.389912e+11 -5.505754e+10 0.000000e+00
4.935384e+07 -1.371926e+11 -5.939920e+10 0.000000e+00
4.951152e+07 -1.352585e+11 -6.368218e+10 0.000000e+00
4.966920e+07 -1.331908e+11 -6.790225e+10 0.000000e+00
4.982688e+07 -1.309915e+11 -7.205526e+10 0.000000e+00
4.998456e+07 -1.286629e+11 -7.613709e+10 0.000000e+00
5.014224e+07 -1.262071e+11 -8.014371e+10 0.000000e+00
5.029992e+07 -1.236267e+11 -8.407117e+10 0.000000e+00
5.045760e+07 -1.209241e+11 -8.791560e+10 0.000000e+00
5.061528e+07 -1.181022e+11 -9.167319e+10 0.000000e+00
5.077296e+07 -1.151636e+11 -9.534024e+10 0.000000e+00
5.093064e+07 -1.121112e+11 -9.891312e+10 0.000000e+00
5.108832e+07 -1.089481e+11 -1.023883e+11 0.000000e+00
5.124600e+07 -1.056774e+11 -1.057624e+11 0.000000e+00
5.140368e+07 -1.023024e+11 -1.090320e+11 0.000000e+00
5.156136e+07 -9.882632e+10 -1.121940e+11 0.000000e+00
5.171904e+07 -9.525265e+10 -1.152451e+11 0.000000e+00
5.187672e+07 -9.158491e+10 -1.181824e+11 0.000000e+00
5.203440e+07 -8.782673e+10 -1.210031e+11 0.000000e+00
5.219208e+07 -8.398183e+10 -1.237042e+11 0.000000e+00
5.234976e+07 -8.005400e+10 -1.262832e+11 0.000000e+00
5.250744e+07 -7.604713e+10 -1.287375e+11 0.000000e+00
5.266512e+07 -7.196516e+10 -1.310647e+11 0.000000e+00
5.282280e+07 -6.781214e+10 -1.332625e+11 0.000000e+00
5.298048e+07 -6.359217e+10 -1.353287e+11 0.000000e+00
5.313816e+07 -5.930941e+10 -1.372613e+11 0.000000e+00
5.329584e+07 -5.496810e+10 -1.390584e+11 0.000000e+00
5.345352e+07 -5.057252e+10 -1.407182e+11 0.000000e+00
5.361120e+07 -4.612702e+10 -1.422391e+11 0.000000e+00
5.376888e+07 -4.163598e+10 -1.436196e+11 0.000000e+00
5.392656e+07 -3.710384e+10 -1.448583e+11 0.000000e+00
5.408424e+07 -3.253507e+10 -1.459540e+11 0.000000e+00
5.424192e+07 -2.793419e+10 -1.469056e+11 0.000000e+00
5.439960e+07 -2.330574e+10 -1.477122e+11 0.000000e+00
5.455728e+07 -1.865428e+10 -1.483731e+11 0.000000e+00
5.471496e+07 -1.398441e+10 -1.488875e+11 0.000000e+00
5.487264e+07 -9.300742e+09 -1.492549e+11 0.000000e+00
5.503032e+07 -4.607892e+09 -1.494750e+11 0.000000e+00
5.518800e+07 8.950474e+07 -1.495477e+11 0.000000e+00
5.534568e+07 4.786813e+09 -1.494727e+11 0.000000e+00
5.550336e+07 9.479398e+09 -1.492503e+11 0.000000e+00
5.566104e+07 1.416263e+10 -1.488805e+11 0.000000e+00
5.581872e+07 1.883188e+10 -1.483639e+11 0.000000e+00
5.597640e+07 2.348256e+10 -1.477008e+11 0.000000e+00
5.613408e+07 2.811006e+10 -1.468921e+11 0.000000e+00
5.629176e+07 3.270983e+10 -1.459384e+11 0.000000e+00
5.644944e+07 3.727733e+10 -1.448407e+11 0.000000e+00
5.660712e+07 4.180804e+10 -1.436001e+11 0.000000e+00
5.676480e+07 4.629752e+10 -1.422178e+11 0.000000e+00
5.692248e+07 5.074131e+10 -1.406952e+11 0.000000e+00
5.708016e+07 5.513505e+10 -1.390339e+11 0.000000e+00
5.723784e+07 5.947440e+10 -1.372353e+11 0.000000e+00
5.739552e+07 6.375509e+10 -1.353014e+11 0.000000e+00
5.755320e+07 6.797288e+10 -1.332341e+11 0.000000e+00
5.771088e+07 7.212363e+10 -1.310353e+11 0.000000e+00
5.786856e+07 7.620324e+10 -1.287073e+11 0.000000e+00
5.802624e+07 8.020768e+10 -1.262523e+11 0.000000e+00
5.818392e+07 8.413302e+10 -1.236728e+11 0.000000e+00
5.834160e+07 8.797537e+10 -1.209713e+11 0.000000e+00
5.849928e+07 9.173097e+10 -1.181505e+11 0.000000e+00
5.865696e+07 9.539609e+10 -1.152132e+11 0.000000e+00
5.881464e+07 9.896714e+10 -1.121623e+11 0.000000e+00
5.897232e+07 1.024406e+11 -1.090008e+11 0.000000e+00
5.913000e+07 1.058130e+11 -1.057318e+11 0.000000e+00
5.928768e+07 1.090811e+11 -1.023585e+11 0.000000e+00
5.944536e+07 1.122416e+11 -9.888423e+10 0.000000e+00
5.960304e+07 1.152914e+11 -9.531249e+10 0.000000e+00
5.976072e+07 1.182276e+11 -9.164677e+10 0.000000e+00
5.991840e+07 1.210472e+11 -8.789068e+10 0.000000e+00
6.007608e+07 1.237474e+11 -8.404793e+10 0.000000e+00
6.023376e+07 1.263256e+11 -8.012231e+10 0.000000e+00
6.039144e+07 1.287793e+11 -7.611769e+10 0.000000e+00
6.054912e+07 1.311059e+11 -7.203802e+10 0.000000e+00
6.070680e+07 1.333033e+11 -6.788733e+10 0.000000e+00
6.086448e+07 1.353693e+11 -6.366970e+10 0.000000e+00
6.102216e+07 1.373019e+11 -5.938930e+10 0.000000e+00
6.117984e+07 1.390990e+11 -5.505034e+10 0.000000e+00
6.133752e+07 1.407590e+11 -5.065711e+10 0.000000e+00
6.149520e+07 1.422803e+11 -4.621394e+10 0.000000e+00
6.165288e+07 1.436613e+11 -4.172521e+10 0.000000e+00
6.181056e+07 1.449006e+11 -3.719535e+10 0.000000e+00
6.196824e+07 1.459971e+11 -3.262881e+10 0.000000e+00
6.212592e+07 1.469497e+11 -2.803011e+10 0.000000e+00
6.228360e+07 1.477574e+11 -2.340377e+10 0.000000e+00
6.244128e+07 1.484194e+11 -1.875437e+10 0.000000e+00
6.259896e+07 1.489351e+11 -1.408647e+10 0.000000e+00
6.275664e+07 1.493040e+11 -9.404686e+09 0.000000e+00
6.291432e+07 1.495257e+11 -4.713632e+09 0.000000e+00
6.307200e+07 1.496000e+11 -1.793019e+07 0.000000e+00
6.322968e+07 1.495268e+11 4.677789e+09 0.000000e+00
6.338736e+07 1.493062e+11 9.368897e+09 0.000000e+00
6.354504e+07 1.489384e+11 1.405077e+10 0.000000e+00
6.370272e+07 1.484238e+11 1.871879e+10 0.000000e+00
6.386040e+07 1.477629e+11 2.336835e+10 0.000000e+00
6.401808e+07 1.469563e+11 2.799488e+10 0.000000e+00
6.417576e+07 1.460048e+11 3.259381e+10 0.000000e+00
6.433344e+07 1.449094e+11 3.716061e+10 0.000000e+00
6.449112e+07 1.436712e+11 4.169078e+10 0.000000e+00
6.464880e+07 1.422913e+11 4.617984e+10 0.000000e+00
6.480648e+07 1.407711e+11 5.062337e+10 0.000000e+00
6.496416e+07 1.391121e+11 5.501700e+10 0.000000e+00
6.512184e+07 1.373160e+11 5.935638e+10 0.000000e+00
6.527952e+07 1.353844e+11 6.363724e+10 0.000000e+00
6.543720e+07 1.333195e+11 6.785537e+10 0.000000e+00
6.559488e+07 1.311230e+11 7.200659e+10 0.000000e+00
6.575256e+07 1.287973e+11 7.608681e+10 0.000000e+00
6.591024e+07 1.263446e+11 8.009202e+10 0.000000e+00
6.606792e+07 1.237673e+11 8.401826e+10 0.000000e+00
6.622560e+07 1.210680e+11 8.786165e+10 0.000000e+00
6.638328e+07 1.182493e+11 9.161842e+10 0.000000e+00
6.654096e+07 1.153140e+11 9.528484e+10 0.000000e+00
6.669864e+07 1.122651e+11 9.885730e+10 0.000000e+00
6.685632e+07 1.091054e+11 1.023323e+11 0.000000e+00
6.701400e+07 1.058381e+11 1.057064e+11 0.000000e+00
6.717168e+07 1.024664e+11 1.089762e+11 0.000000e+00
6.732936e+07 9.899371e+10 1.121386e+11 0.000000e+00
6.748704e+07 9.542338e+10 1.151903e+11 0.000000e+00
6.764472e+07 9.175894e+10 1.181285e+11 0.000000e+00
6.780240e+07 8.800401e+10 1.209502e+11 0.000000e+00
6.796008e+07 8.416229e+10 1.236526e+11 0.000000e+00
6.811776e+07 8.023756e+10 1.262330e+11 0.000000e+00
6.827544e+07 7.623368e+10 1.286889e+11 0.000000e+00
6.843312e+07 7.215462e+10 1.310179e+11 0.000000e+00
6.859080e+07 6.800439e+10 1.332177e+11 0.000000e+00
6.874848e+07 6.378707e+10 1.352861e+11 0.000000e+00
6.890616e+07 5.950684e+10 1.372210e+11 0.000000e+00
6.906384e+07 5.516790e+10 1.390205e+11 0.000000e+00
6.922152e+07 5.077455e+10 1.406829e+11 0.000000e+00
6.937920e+07 4.633110e+10 1.422065e+11 0.000000e+00
6.953688e+07 4.184195e+10 1.435899e+11 0.000000e+00
6.969456e+07 3.731151e+10 1.448315e+11 0.000000e+00
6.985224e+07 3.274427e+10 1.459303e+11 0.000000e+00
7.000992e+07 2.814472e+10 1.468851e+11 0.000000e+00
7.016760e+07 2.351739e+10 1.476950e+11 0.000000e+00
7.032528e+07 1.886687e+10 1.483591e+11 0.000000e+00
7.048296e+07 1.419772e+10 1.488769e+11 0.000000e+00
7.064064e+07 9.514570e+09 1.492477e+11 0.000000e+00
7.079832e+07 4.822028e+09 1.494713e+11 0.000000e+00
7.095600e+07 1.247268e+08 1.495473e+11 0.000000e+00
7.111368e+07 -4.572697e+09 1.494758e+11 0.000000e+00
7.127136e+07 -9.265608e+09 1.492568e+11 0.000000e+00
7.142904e+07 -1.394937e+10 1.488904e+11 0.000000e+00
7.158672e+07 -1.861937e+10 1.483771e+11 0.000000e+00
7.174440e+07 -2.327100e+10 1.477174e+11 0.000000e+00
7.190208e+07 -2.789965e+10 1.469118e+11 0.000000e+00
7.205976e+07 -3.250076e+10 1.459613e+11 0.000000e+00
7.221744e+07 -3.706979e+10 1.448667e+11 0.000000e+00
7.237512e+07 -4.160224e+10 1.436290e+11 0.000000e+00
7.253280e+07 -4.609361e+10 1.422496e+11 0.000000e+00
7.269048e+07 -5.053948e+10 1.407298e+11 0.000000e+00
7.284816e+07 -5.493545e+10 1.390710e+11 0.000000e+00
7.300584e+07 -5.927720e+10 1.372749e+11 0.000000e+00
7.316352e+07 -6.356041e+10 1.353433e+11 0.000000e+00
7.332120e+07 -6.778088e+10 1.332781e+11 0.000000e+00
7.347888e+07 -7.193442e+10 1.310813e+11 0.000000e+00
7.363656e+07 -7.601694e+10 1.287551e+11 0.000000e+00
7.379424e+07 -8.002440e+10 1.263017e+11 0.000000e+00
7.395192e+07 -8.395284e+10 1.237236e+11 0.000000e+00
7.410960e+07 -8.779838e+10 1.210233e+11 0.000000e+00
7.426728e+07 -9.155722e+10 1.182036e+11 0.000000e+00
7.442496e+07 -9.522565e+10 1.152671e+11 0.000000e+00
7.458264e+07 -9.880005e+10 1.122168e+11 0.000000e+00
7.474032e+07 -1.022769e+11 1.090556e+11 0.000000e+00
7.489800e+07 -1.056527e+11 1.057868e+11 0.000000e+00
7.505568e+07 -1.089242e+11 1.024135e+11 0.000000e+00
7.521336e+07 -1.120881e+11 9.893903e+10 0.000000e+00
7.537104e+07 -1.151413e+11 9.536686e+10 0.000000e+00
7.552872e+07 -1.180807e+11 9.170050e+10 0.000000e+00
7.568640e+07 -1.209036e+11 8.794356e+10 0.000000e+00
7.584408e+07 -1.236070e+11 8.409976e+10 0.000000e+00
7.600176e+07 -1.261884e+11 8.017290e+10 0.000000e+00
7.615944e+07 -1.286451e+11 7.616684e+10 0.000000e+00
7.631712e+07 -1.309747e+11 7.208555e+10 0.000000e+00
7.647480e+07 -1.331749e+11 6.793306e+10 0.000000e+00
7.663248e+07 -1.352436e+11 6.371346e+10 0.000000e+00
7.679016e+07 -1.371788e+11 5.943093e+10 0.000000e+00
7.694784e+07 -1.389784e+11 5.508969e+10 0.000000e+00
7.710552e+07 -1.406407e+11 5.069403e+10 0.000000e+00
7.726320e+07 -1.421641e+11 4.624829e+10 0.000000e+00
7.742088e+07 -1.435470e+11 4.175687e+10 0.000000e+00
7.757856e+07 -1.447882e+11 3.722420e+10 0.000000e+00
7.773624e+07 -1.458863e+11 3.265475e+10 0.000000e+00
7.789392e+07 -1.468403e+11 2.805305e+10 0.000000e+00
7.805160e+07 -1.476492e+11 2.342363e+10 0.000000e+00
7.820928e+07 -1.483123e+11 1.877107e+10 0.000000e+00
7.836696e+07 -1.488289e+11 1.409997e+10 0.000000e+00
7.852464e+07 -1.491984e+11 9.414942e+09 0.000000e+00
7.868232e+07 -1.494206e+11 4.720610e+09 0.000000e+00
7.884000e+07 -1.494951e+11 2.161505e+07 0.000000e+00
7.899768e+07 -1.494219e+11 -4.677401e+09 0.000000e+00
7.915536e+07 -1.492012e+11 -9.371797e+09 0.000000e+00
7.931304e+07 -1.488330e+11 -1.405693e+10 0.000000e+00
7.947072e+07 -1.483178e+11 -1.872818e+10 0.000000e+00
7.962840e+07 -1.476561e+11 -2.338093e+10 0.000000e+00
7.978608e+07 -1.468485e+11 -2.801059e+10 0.000000e+00
7.994376e+07 -1.458958e+11 -3.261257e+10 0.000000e+00
8.010144e+07 -1.447990e+11 -3.718233e+10 0.000000e+00
8.025912e+07 -1.435592e+11 -4.171536e+10 0.000000e+00
8.041680e+07 -1.421776e+11 -4.620718e+10 0.000000e+00
8.057448e+07 -1.406555e+11 -5.065336e+10 0.000000e+00
8.073216e+07 -1.389945e+11 -5.504950e+10 0.000000e+00
8.088984e+07 -1.371961e+11 -5.939126e+10 0.000000e+00
8.104752e+07 -1.352623e+11 -6.367436e+10 0.000000e+00
8.120520e+07 -1.331948e+11 -6.789455e+10 0.000000e+00
8.136288e+07 -1.309957e+11 -7.204768e+10 0.000000e+00
8.152056e+07 -1.286673e+11 -7.612965e+10 0.000000e+00
8.167824e+07 -1.262118e+11 -8.013641e+10 0.000000e+00
8.183592e+07 -1.236316e+11 -8.406403e+10 0.000000e+00
8.199360e+07 -1.209293e+11 -8.790861e+10 0.000000e+00
8.215128e+07 -1.181075e+11 -9.166636e+10 0.000000e+00
8.230896e+07 -1.151691e+11 -9.533358e+10 0.000000e+00
8.246664e+07 -1.121170e+11 -9.890664e+10 0.000000e+00
8.262432e+07 -1.089541e+11 -1.023820e+11 0.000000e+00
8.278200e+07 -1.056836e+11 -1.057563e+11 0.000000e+00
8.293968e+07 -1.023088e+11 -1.090261e+11 0.000000e+00
8.309736e+07 -9.883289e+10 -1.121882e+11 0.000000e+00
8.325504e+07 -9.525939e+10 -1.152396e+11 0.000000e+00
8.341272e+07 -9.159183e+10 -1.181772e+11 0.000000e+00
8.357040e+07 -8.783382e+10 -1.209980e+11 0.000000e+00
8.372808e+07 -8.398908e+10 -1.236994e+11 0.000000e+00
8.388576e+07 -8.006140e+10 -1.262786e+11 0.000000e+00
8.404344e+07 -7.605467e+10 -1.287332e+11 0.000000e+00
8.420112e+07 -7.197285e+10 -1.310606e+11 0.000000e+00
8.435880e+07 -6.781996e+10 -1.332586e+11 0.000000e+00
8.451648e+07 -6.360011e+10 -1.353251e+11 0.000000e+00
8.467416e+07 -5.931747e+10 -1.372579e+11 0.000000e+00
8.483184e+07 -5.497626e+10 -1.390553e+11 0.000000e+00
8.498952e+07 -5.058078e+10 -1.407153e+11 0.000000e+00
8.514720e+07 -4.613537e+10 -1.422365e+11 0.000000e+00
8.530488e+07 -4.164441e+10 -1.436172e+11 0.000000e+00
8.546256e+07 -3.711235e+10 -1.448562e+11 0.000000e+00
8.562024e+07 -3.254365e+10 -1.459521e+11 0.000000e+00
8.577792e+07 -2.794283e+10 -1.469040e+11 0.000000e+00
8.593560e+07 -2.331442e+10 -1.477109e+11 0.000000e+00
8.609328e+07 -1.866301e+10 -1.483720e+11 0.000000e+00
8.625096e+07 -1.399317e+10 -1.488867e+11 0.000000e+00
8.640864e+07 -9.309526e+09 -1.492544e+11 0.000000e+00
8.656632e+07 -4.616692e+09 -1.494748e+11 0.000000e+00
8.672400e+07 8.069861e+07 -1.495478e+11 0.000000e+00
8.688168e+07 4.778009e+09 -1.494731e+11 0.000000e+00
8.703936e+07 9.470605e+09 -1.492509e+11 0.000000e+00
8.719704e+07 1.415385e+10 -1.488814e+11 0.000000e+00
8.735472e+07 1.882314e+10 -1.483651e+11 0.000000e+00
8.751240e+07 2.347385e+10 -1.477023e+11 0.000000e+00
8.767008e+07 2.810140e+10 -1.468938e+11 0.000000e+00
8.782776e+07 3.270122e+10 -1.459404e+11 0.000000e+00
8.798544e+07 3.726878e+10 -1.448429e+11 0.000000e+00
8.814312e+07 4.179957e+10 -1.436026e+11 0.000000e+00
8.830080e+07 4.628912e+10 -1.422206e+11 0.000000e+00
8.845848e+07 5.073300e+10 -1.406983e+11 0.000000e+00
8.861616e+07 5.512684e+10 -1.390372e+11 0.000000e+00
8.877384e+07 5.946629e+10 -1.372389e+11 0.000000e+00
8.893152e+07 6.374709e+10 -1.353053e+11 0.000000e+00
8.908920e+07 6.796500e+10 -1.332382e+11 0.000000e+00
8.924688e+07 7.211588e+10 -1.310396e+11 0.000000e+00
8.940456e+07 7.619562e+10 -1.287119e+11 0.000000e+00
8.956224e+07 8.020021e+10 -1.262571e+11 0.000000e+00
8.971992e+07 8.412570e+10 -1.236779e+11 0.000000e+00
8.987760e+07 8.796821e+10 -1.209766e+11 0.000000e+00
9.003528e+07 9.172397e+10 -1.181561e+11 0.000000e+00
9.019296e+07 9.538927e+10 -1.152190e+11 0.000000e+00
9.035064e+07 9.896049e+10 -1.121683e+11 0.000000e+00
9.050832e+07 1.024341e+11 -1.090069e+11 0.000000e+00
9.066600e+07 1.058067e+11 -1.057381e+11 0.000000e+00
9.082368e+07 1.090750e+11 -1.023650e+11 0.000000e+00
9.098136e+07 1.122357e+11 -9.889096e+10 0.000000e+00
9.113904e+07 1.152858e+11 -9.531941e+10 0.000000e+00
9.129672e+07 1.182222e+11 -9.165386e+10 0.000000e+00
9.145440e+07 1.210420e+11 -8.789794e+10 0.000000e+00
9.161208e+07 1.237424e+11 -8.405535e+10 0.000000e+00
9.176976e+07 1.263208e+11 -8.012988e+10 0.000000e+00
9.192744e+07 1.287747e+11 -7.612541e+10 0.000000e+00
9.208512e+07 1.311017e+11 -7.204588e+10 0.000000e+00
9.224280e+07 1.332993e+11 -6.789532e+10 0.000000e+00
9.240048e+07 1.353656e+11 -6.367781e+10 0.000000e+00
9.255816e+07 1.372983e+11 -5.939752e+10 0.000000e+00
9.271584e+07 1.390957e+11 -5.505868e+10 0.000000e+00
9.287352e+07 1.407560e+11 -5.066555e+10 0.000000e+00
9.303120e+07 1.422775e+11 -4.622247e+10 0.000000e+00
9.318888e+07 1.436588e+11 -4.173382e+10 0.000000e+00
9.334656e+07 1.448984e+11 -3.720403e+10 0.000000e+00
9.350424e+07 1.459952e+11 -3.263756e+10 0.000000e+00
9.366192e+07 1.469480e+11 -2.803892e+10 0.000000e+00
9.381960e+07 1.477560e+11 -2.341263e+10 0.000000e+00
9.397728e+07 1.484183e+11 -1.876326e+10 0.000000e+00
9.413496e+07 1.489343e+11 -1.409540e+10 0.000000e+00
9.429264e+07 1.493034e+11 -9.413634e+09 0.000000e+00
9.445032e+07 1.495254e+11 -4.722592e+09 0.000000e+00
9.460800e+07 1.496000e+11 -2.689528e+07 0.000000e+00
9.476568e+07 1.495271e+11 4.668828e+09 0.000000e+00
9.492336e+07 1.493068e+11 9.359949e+09 0.000000e+00
9.508104e+07 1.489393e+11 1.404184e+10 0.000000e+00
9.523872e+07 1.484250e+11 1.870989e+10 0.000000e+00
9.539640e+07 1.477643e+11 2.335950e+10 0.000000e+00
9.555408e+07 1.469580e+11 2.798608e+10 0.000000e+00
9.571176e+07 1.460068e+11 3.258506e+10 0.000000e+00
9.586944e+07 1.449116e+11 3.715193e+10 0.000000e+00
9.602712e+07 1.436736e+11 4.168217e+10 0.000000e+00
9.618480e+07 1.422940e+11 4.617131e+10 0.000000e+00
9.634248e+07 1.407741e+11 5.061493e+10 0.000000e+00
9.650016e+07 1.391153e+11 5.500866e+10 0.000000e+00
9.665784e+07 1.373195e+11 5.934815e+10 0.000000e+00
9.681552e+07 1.353882e+11 6.362913e+10 0.000000e+00
9.697320e+07 1.333235e+11 6.784738e+10 0.000000e+00
9.713088e+07 1.311273e+11 7.199873e+10 0.000000e+00
9.728856e+07 1.288018e+11 7.607909e+10 0.000000e+00
9.744624e+07 1.263494e+11 8.008445e+10 0.000000e+00
9.760392e+07 1.237723e+11 8.401084e+10 0.000000e+00
9.776160e+07 1.210732e+11 8.785440e+10 0.000000e+00
9.791928e+07 1.182548e+11 9.161133e+10 0.000000e+00
9.807696e+07 1.153197e+11 9.527792e+10 0.000000e+00
9.823464e+07 1.122709e+11 9.885057e+10 0.000000e+00
9.839232e+07 1.091114e+11 1.023257e+11 0.000000e+00
9.855000e+07 1.058443e+11 1.057000e+11 0.000000e+00
9.870768e+07 1.024729e+11 1.089700e+11 0.000000e+00
9.886536e+07 9.900035e+10 1.121326e+11 0.000000e+00
9.902304e+07 9.543020e+10 1.151846e+11 0.000000e+00
9.918072e+07 9.176594e+10 1.181230e+11 0.000000e+00
9.933840e+07 8.801117e+10 1.209449e+11 0.000000e+00
9.949608e+07 8.416960e+10 1.236475e+11 0.000000e+00
9.965376e+07 8.024502e+10 1.262282e+11 0.000000e+00
9.981144e+07 7.624129e+10 1.286843e+11 0.000000e+00
9.996912e+07 7.216237e+10 1.310136e+11 0.000000e+00
1.001268e+08 6.801226e+10 1.332136e+11 0.000000e+00
1.002845e+08 6.379507e+10 1.352822e+11 0.000000e+00
1.004422e+08 5.951495e+10 1.372174e+11 0.000000e+00
1.005998e+08 5.517612e+10 1.390172e+11 0.000000e+00
1.007575e+08 5.078286e+10 1.406798e+11 0.000000e+00
1.009152e+08 4.633950e+10 1.422037e+11 0.000000e+00
1.010729e+08 4.185042e+10 1.435873e+11 0.000000e+00
1.012306e+08 3.732006e+10 1.448293e+11 0.000000e+00
1.013882e+08 3.275288e+10 1.459283e+11 0.000000e+00
1.015459e+08 2.815338e+10 1.468834e+11 0.000000e+00
1.017036e+08 2.352610e+10 1.476935e+11 0.000000e+00
1.018613e+08 1.887561e+10 1.483579e+11 0.000000e+00
1.020190e+08 1.420650e+10 1.488760e+11 0.000000e+00
1.021766e+08 9.523362e+09 1.492471e+11 0.000000e+00
1.023343e+08 4.830830e+09 1.494709e+11 0.000000e+00
1.024920e+08 1.335317e+08 1.495472e+11 0.000000e+00
1.026497e+08 -4.563899e+09 1.494760e+11 0.000000e+00
1.028074e+08 -9.256825e+09 1.492572e+11 0.000000e+00
1.029650e+08 -1.394062e+10 1.488912e+11 0.000000e+00
1.031227e+08 -1.861065e+10 1.483781e+11 0.000000e+00
1.032804e+08 -2.326231e+10 1.477187e+11 0.000000e+00
1.034381e+08 -2.789101e+10 1.469134e+11 0.000000e+00
1.035958e+08 -3.249218e+10 1.459631e+11 0.000000e+00
1.037534e+08 -3.706128e+10 1.448688e+11 0.000000e+00
1.039111e+08 -4.159380e+10 1.436314e+11 0.000000e+00
1.040688e+08 -4.608526e+10 1.422522e+11 0.000000e+00
1.042265e+08 -5.053122e+10 1.407327e+11 0.000000e+00
1.043842e+08 -5.492729e+10 1.390741e+11 0.000000e+00
1.045418e+08 -5.926914e+10 1.372783e+11 0.000000e+00
1.046995e+08 -6.355248e+10 1.353470e+11 0.000000e+00
1.048572e+08 -6.777306e+10 1.332820e+11 0.000000e+00
1.050149e+08 -7.192674e+10 1.310854e+11 0.000000e+00
1.051726e+08 -7.600939e+10 1.287594e+11 0.000000e+00
1.053302e+08 -8.001700e+10 1.263063e+11 0.000000e+00
1.054879e+08 -8.394559e+10 1.237284e+11 0.000000e+00
1.056456e+08 -8.779129e+10 1.210284e+11 0.000000e+00
1.058033e+08 -9.155030e+10 1.182089e+11 0.000000e+00
1.059610e+08 -9.521891e+10 1.152726e+11 0.000000e+00
1.061186e+08 -9.879348e+10 1.122225e+11 0.000000e+00
1.062763e+08 -1.022705e+11 1.090615e+11 0.000000e+00
1.064340e+08 -1.056465e+11 1.057929e+11 0.000000e+00
1.065917e+08 -1.089182e+11 1.024198e+11 0.000000e+00
1.067494e+08 -1.120823e+11 9.894551e+10 0.000000e+00
1.069070e+08 -1.151357e+11 9.537352e+10 0.000000e+00
1.070647e+08 -1.180754e+11 9.170732e+10 0.000000e+00
1.072224e+08 -1.208984e+11 8.795055e+10 0.000000e+00
1.073801e+08 -1.236021e+11 8.410691e+10 0.000000e+00
1.075378e+08 -1.261837e+11 8.018019e+10 0.000000e+00
1.076954e+08 -1.286406e+11 7.617428e+10 0.000000e+00
1.078531e+08 -1.309705e+11 7.209313e+10 0.000000e+00
1.080108e+08 -1.331710e+11 6.794076e+10 0.000000e+00
1.081685e+08 -1.352399e+11 6.372128e+10 0.000000e+00
1.083262e+08 -1.371753e+11 5.943886e+10 0.000000e+00
1.084838e+08 -1.389752e+11 5.509773e+10 0.000000e+00
1.086415e+08 -1.406377e+11 5.070217e+10 0.000000e+00
1.087992e+08 -1.421614e+11 4.625652e+10 0.000000e+00
1.089569e+08 -1.435446e+11 4.176517e+10 0.000000e+00
1.091146e+08 -1.447860e+11 3.723257e+10 0.000000e+00
1.092722e+08 -1.458844e+11 3.266319e+10 0.000000e+00
1.094299e+08 -1.468387e+11 2.806154e+10 0.000000e+00
1.095876e+08 -1.476479e+11 2.343217e+10 0.000000e+00
1.097453e+08 -1.483112e+11 1.877965e+10 0.000000e+00
1.099030e+08 -1.488281e+11 1.410858e+10 0.000000e+00
1.100606e+08 -1.491979e+11 9.423571e+09 0.000000e+00
1.102183e+08 -1.494203e+11 4.729252e+09 0.000000e+00
1.103760e+08 -1.494951e+11 3.026107e+07 0.000000e+00
1.105337e+08 -1.494222e+11 -4.668760e+09 0.000000e+00
1.106914e+08 -1.492017e+11 -9.363168e+09 0.000000e+00
1.108490e+08 -1.488338e+11 -1.404833e+10 0.000000e+00
1.110067e+08 -1.483189e+11 -1.871961e+10 0.000000e+00
1.111644e+08 -1.476574e+11 -2.337239e+10 0.000000e+00
1.113221e+08 -1.468501e+11 -2.800209e+10 0.000000e+00
1.114798e+08 -1.458977e+11 -3.260413e+10 0.000000e+00
1.116374e+08 -1.448012e+11 -3.717395e+10 0.000000e+00
1.117951e+08 -1.435617e+11 -4.170706e+10 0.000000e+00
1.119528e+08 -1.421803e+11 -4.619896e+10 0.000000e+00
1.121105e+08 -1.406584e+11 -5.064523e+10 0.000000e+00
1.122682e+08 -1.389977e+11 -5.504146e+10 0.000000e+00
1.124258e+08 -1.371996e+11 -5.938333e+10 0.000000e+00
1.125835e+08 -1.352660e+11 -6.366653e+10 0.000000e+00
1.127412e+08 -1.331987e+11 -6.788685e+10 0.000000e+00
1.128989e+08 -1.309999e+11 -7.204011e+10 0.000000e+00
1.130566e+08 -1.286717e+11 -7.612221e+10 0.000000e+00
1.132142e+08 -1.262165e+11 -8.012912e+10 0.000000e+00
1.133719e+08 -1.236365e+11 -8.405688e+10 0.000000e+00
1.135296e+08 -1.209344e+11 -8.790162e+10 0.000000e+00
1.136873e+08 -1.181129e+11 -9.165954e+10 0.000000e+00
1.138450e+08 -1.151747e+11 -9.532692e+10 0.000000e+00
1.140026e+08 -1.121228e+11 -9.890016e+10 0.000000e+00
1.141603e+08 -1.089601e+11 -1.023757e+11 0.000000e+00
1.143180e+08 -1.056898e+11 -1.057502e+11 0.000000e+00
1.144757e+08 -1.023152e+11 -1.090202e+11 0.000000e+00
1.146334e+08 -9.883945e+10 -1.121825e+11 0.000000e+00
1.147910e+08 -9.526614e+10 -1.152341e+11 0.000000e+00
1.149487e+08 -9.159875e+10 -1.181719e+11 0.000000e+00
1.151064e+08 -8.784091e+10 -1.209929e+11 0.000000e+00
1.152641e+08 -8.399633e+10 -1.236945e+11 0.000000e+00
1.154218e+08 -8.006880e+10 -1.262740e+11 0.000000e+00
1.155794e+08 -7.606222e+10 -1.287288e+11 0.000000e+00
1.157371e+08 -7.198053e+10 -1.310564e+11 0.000000e+00
1.158948e+08 -6.782777e+10 -1.332547e+11 0.000000e+00
1.160525e+08 -6.360805e+10 -1.353214e+11 0.000000e+00
1.162102e+08 -5.932552e+10 -1.372545e+11 0.000000e+00
1.163678e+08 -5.498442e+10 -1.390521e+11 0.000000e+00
1.165255e+08 -5.058904e+10 -1.407124e+11 0.000000e+00
1.166832e+08 -4.614372e+10 -1.422338e+11 0.000000e+00
1.168409e+08 -4.165285e+10 -1.436148e+11 0.000000e+00
1.169986e+08 -3.712086e+10 -1.448541e+11 0.000000e+00
1.171562e+08 -3.255223e+10 -1.459503e+11 0.000000e+00
1.173139e+08 -2.795146e+10 -1.469025e+11 0.000000e+00
1.174716e+08 -2.332311e+10 -1.477096e+11 0.000000e+00
1.176293e+08 -1.867174e+10 -1.483710e+11 0.000000e+00
1.177870e+08 -1.400193e+10 -1.488860e+11 0.000000e+00
1.179446e+08 -9.318310e+09 -1.492540e+11 0.000000e+00
1.181023e+08 -4.625491e+09 -1.494747e+11 0.000000e+00
1.182600e+08 7.189224e+07 -1.495478e+11 0.000000e+00
1.184177e+08 4.769205e+09 -1.494734e+11 0.000000e+00
1.185754e+08 9.461811e+09 -1.492515e+11 0.000000e+00
1.187330e+08 1.414508e+10 -1.488823e+11 0.000000e+00
1.188907e+08 1.881439e+10 -1.483663e+11 0.000000e+00
1.190484e+08 2.346514e+10 -1.477038e+11 0.000000e+00
1.192061e+08 2.809273e+10 -1.468955e+11 0.000000e+00
1.193638e+08 3.269261e+10 -1.459424e+11 0.000000e+00
1.195214e+08 3.726023e+10 -1.448452e+11 0.000000e+00
1.196791e+08 4.179109e+10 -1.436052e+11 0.000000e+00
1.198368e+08 4.628072e+10 -1.422234e+11 0.000000e+00
1.199945e+08 5.072469e+10 -1.407014e+11 0.000000e+00
1.201522e+08 5.511863e+10 -1.390405e+11 0.000000e+00
1.203098e+08 5.945818e+10 -1.372425e+11 0.000000e+00
1.204675e+08 6.373909e+10 -1.353091e+11 0.000000e+00
1.206252e+08 6.795713e+10 -1.332423e+11 0.000000e+00
1.207829e+08 7.210813e+10 -1.310440e+11 0.000000e+00
1.209406e+08 7.618801e+10 -1.287164e+11 0.000000e+00
1.210982e+08 8.019274e+10 -1.262619e+11 0.000000e+00
1.212559e+08 8.411838e+10 -1.236829e+11 0.000000e+00
1.214136e+08 8.796105e+10 -1.209819e+11 0.000000e+00
1.215713e+08 9.171698e+10 -1.181616e+11 0.000000e+00
1.217290e+08 9.538245e+10 -1.152247e+11 0.000000e+00
1.218866e+08 9.895385e+10 -1.121742e+11 0.000000e+00
1.220443e+08 1.024277e+11 -1.090131e+11 0.000000e+00
1.222020e+08 1.058005e+11 -1.057444e+11 0.000000e+00
1.223597e+08 1.090690e+11 -1.023715e+11 0.000000e+00
1.225174e+08 1.122299e+11 -9.889769e+10 0.000000e+00
1.226750e+08 1.152801e+11 -9.532632e+10 0.000000e+00
1.228327e+08 1.182167e+11 -9.166095e+10 0.000000e+00
1.229904e+08 1.210367e+11 -8.790520e+10 0.000000e+00
1.231481e+08 1.237374e+11 -8.406277e+10 0.000000e+00
1.233058e+08 1.263161e+11 -8.013746e+10 0.000000e+00
1.234634e+08 1.287702e+11 -7.613313e+10 0.000000e+00
1.236211e+08 1.310974e+11 -7.205374e+10 0.000000e+00
1.237788e+08 1.332953e+11 -6.790330e+10 0.000000e+00
1.239365e+08 1.353618e+11 -6.368592e+10 0.000000e+00
1.240942e+08 1.372948e+11 -5.940575e+10 0.000000e+00
1.242518e+08 1.390925e+11 -5.506701e+10 0.000000e+00
1.244095e+08 1.407530e+11 -5.067399e+10 0.000000e+00
1.245672e+08 1.422748e+11 -4.623100e+10 0.000000e+00
1.247249e+08 1.436563e+11 -4.174243e+10 0.000000e+00
1.248826e+08 1.448962e+11 -3.721271e+10 0.000000e+00
1.250402e+08 1.459932e+11 -3.264631e+10 0.000000e+00
1.251979e+08 1.469463e+11 -2.804772e+10 0.000000e+00
1.253556e+08 1.477546e+11 -2.342148e+10 0.000000e+00
1.255133e+08 1.484172e+11 -1.877215e+10 0.000000e+00
1.256710e+08 1.489334e+11 -1.410432e+10 0.000000e+00
1.258286e+08 1.493029e+11 -9.422581e+09 0.000000e+00
1.259863e+08 1.495251e+11 -4.731553e+09 0.000000e+00
1.261440e+08 1.496000e+11 -3.586037e+07 0.000000e+00
1.263017e+08 1.495274e+11 4.659868e+09 0.000000e+00
1.264594e+08 1.493073e+11 9.351002e+09 0.000000e+00
1.266170e+08 1.489401e+11 1.403292e+10 0.000000e+00
1.267747e+08 1.484261e+11 1.870100e+10 0.000000e+00
1.269324e+08 1.477657e+11 2.335064e+10 0.000000e+00
1.270901e+08 1.469596e+11 2.797727e+10 0.000000e+00
1.272478e+08 1.460087e+11 3.257631e+10 0.000000e+00
1.274054e+08 1.449138e+11 3.714324e+10 0.000000e+00
1.275631e+08 1.436761e+11 4.167356e+10 0.000000e+00
1.277208e+08 1.422967e+11 4.616278e+10 0.000000e+00
1.278785e+08 1.407771e+11 5.060650e+10 0.000000e+00
1.280362e+08 1.391186e+11 5.500032e+10 0.000000e+00
1.281938e+08 1.373230e+11 5.933992e+10 0.000000e+00
1.283515e+08 1.353920e+11 6.362102e+10 0.000000e+00
1.285092e+08 1.333275e+11 6.783939e+10 0.000000e+00
1.286669e+08 1.311316e+11 7.199087e+10 0.000000e+00
1.288246e+08 1.288063e+11 7.607137e+10 0.000000e+00
1.289822e+08 1.263541e+11 8.007687e+10 0.000000e+00
1.291399e+08 1.237773e+11 8.400342e+10 0.000000e+00
1.292976e+08 1.210784e+11 8.784714e+10 0.000000e+00
1.294553e+08 1.182602e+11 9.160424e+10 0.000000e+00
1.296130e+08 1.153253e+11 9.527101e+10 0.000000e+00
1.297706e+08 1.122768e+11 9.884384e+10 0.000000e+00
1.299283e+08 1.091175e+11 1.023192e+11 0.000000e+00
1.300860e+08 1.058506e+11 1.056937e+11 0.000000e+00
1.302437e+08 1.024793e+11 1.089639e+11 0.000000e+00
1.304014e+08 9.900699e+10 1.121267e+11 0.000000e+00
1.305590e+08 9.543702e+10 1.151789e+11 0.000000e+00
1.307167e+08 9.177293e+10 1.181175e+11 0.000000e+00
1.308744e+08 8.801833e+10 1.209396e+11 0.000000e+00
1.310321e+08 8.417692e+10 1.236425e+11 0.000000e+00
1.311898e+08 8.025249e+10 1.262234e+11 0.000000e+00
1.313474e+08 7.624891e+10 1.286798e+11 0.000000e+00
1.315051e+08 7.217011e+10 1.310092e+11 0.000000e+00
1.316628e+08 6.802014e+10 1.332095e+11 0.000000e+00
1.318205e+08 6.380306e+10 1.352784e+11 0.000000e+00
1.319782e+08 5.952305e+10 1.372138e+11 0.000000e+00
1.321358e+08 5.518433e+10 1.390138e+11 0.000000e+00
1.322935e+08 5.079116e+10 1.406768e+11 0.000000e+00
1.324512e+08 4.634789e+10 1.422009e+11 0.000000e+00
1.326089e+08 4.185890e+10 1.435848e+11 0.000000e+00
1.327666e+08 3.732861e+10 1.448270e+11 0.000000e+00
1.329242e+08 3.276148e+10 1.459263e+11 0.000000e+00
1.330819e+08 2.816204e+10 1.468816e+11 0.000000e+00
1.332396e+08 2.353481e+10 1.476921e+11 0.000000e+00
1.333973e+08 1.888436e+10 1.483567e+11 0.000000e+00
1.335550e+08 1.421527e+10 1.488750e+11 0.000000e+00
1.337126e+08 9.532154e+09 1.492464e+11 0.000000e+00
1.338703e+08 4.839633e+09 1.494705e+11 0.000000e+00
1.340280e+08 1.423364e+08 1.495472e+11 0.000000e+00
1.341857e+08 -4.555101e+09 1.494762e+11 0.000000e+00
1.343434e+08 -9.248042e+09 1.492577e+11 0.000000e+00
1.345010e+08 -1.393186e+10 1.488919e+11 0.000000e+00
1.346587e+08 -1.860192e+10 1.483792e+11 0.000000e+00
1.348164e+08 -2.325363e+10 1.477200e+11 0.000000e+00
1.349741e+08 -2.788238e+10 1.469150e+11 0.000000e+00
1.351318e+08 -3.248361e+10 1.459650e+11 0.000000e+00
1.352894e+08 -3.705277e+10 1.448709e+11 0.000000e+00
1.354471e+08 -4.158536e+10 1.436338e+11 0.000000e+00
1.356048e+08 -4.607690e+10 1.422549e+11 0.000000e+00
1.357625e+08 -5.052296e+10 1.407355e+11 0.000000e+00
1.359202e+08 -5.491913e+10 1.390773e+11 0.000000e+00
1.360778e+08 -5.926109e+10 1.372817e+11 0.000000e+00
1.362355e+08 -6.354454e+10 1.353506e+11 0.000000e+00
1.363932e+08 -6.776525e+10 1.332859e+11 0.000000e+00
1.365509e+08 -7.191905e+10 1.310896e+11 0.000000e+00
1.367086e+08 -7.600185e+10 1.287638e+11 0.000000e+00
1.368662e+08 -8.000960e+10 1.263109e+11 0.000000e+00
1.370239e+08 -8.393834e+10 1.237333e+11 0.000000e+00
1.371816e+08 -8.778420e+10 1.210335e+11 0.000000e+00
1.373393e+08 -9.154338e+10 1.182141e+11 0.000000e+00
1.374970e+08 -9.521216e+10 1.152781e+11 0.000000e+00
1.376546e+08 -9.878691e+10 1.122282e+11 0.000000e+00
1.378123e+08 -1.022641e+11 1.090675e+11 0.000000e+00
1.379700e+08 -1.056403e+11 1.057990e+11 0.000000e+00
1.381277e+08 -1.089122e+11 1.024261e+11 0.000000e+00
1.382854e+08 -1.120765e+11 9.895199e+10 0.000000e+00
1.384430e+08 -1.151301e+11 9.538017e+10 0.000000e+00
1.386007e+08 -1.180700e+11 9.171415e+10 0.000000e+00
1.387584e+08 -1.208933e+11 8.795754e+10 0.000000e+00
1.389161e+08 -1.235972e+11 8.411405e+10 0.000000e+00
1.390738e+08 -1.261790e+11 8.018749e+10 0.000000e+00
1.392314e+08 -1.286362e+11 7.618172e+10 0.000000e+00
1.393891e+08 -1.309663e+11 7.210070e+10 0.000000e+00
1.395468e+08 -1.331670e+11 6.794846e+10 0.000000e+00
1.397045e+08 -1.352362e+11 6.372911e+10 0.000000e+00
1.398622e+08 -1.371718e+11 5.944680e+10 0.000000e+00
1.400198e+08 -1.389719e+11 5.510576e+10 0.000000e+00
1.401775e+08 -1.406348e+11 5.071030e+10 0.000000e+00
1.403352e+08 -1.421587e+11 4.626474e+10 0.000000e+00
1.404929e+08 -1.435422e+11 4.177348e+10 0.000000e+00
1.406506e+08 -1.447838e+11 3.724095e+10 0.000000e+00
1.408082e+08 -1.458825e+11 3.267163e+10 0.000000e+00
1.409659e+08 -1.468370e+11 2.807003e+10 0.000000e+00
1.411236e+08 -1.476465e+11 2.344071e+10 0.000000e+00
1.412813e+08 -1.483101e+11 1.878823e+10 0.000000e+00
1.414390e+08 -1.488272e+11 1.411719e+10 0.000000e+00
1.415966e+08 -1.491973e+11 9.432199e+09 0.000000e+00
1.417543e+08 -1.494200e+11 4.737894e+09 0.000000e+00
1.419120e+08 -1.494951e+11 3.890709e+07 0.000000e+00
1.420697e+08 -1.494225e+11 -4.660118e+09 0.000000e+00
1.422274e+08 -1.492022e+11 -9.354539e+09 0.000000e+00
1.423850e+08 -1.488346e+11 -1.403972e+10 0.000000e+00
1.425427e+08 -1.483200e+11 -1.871103e+10 0.000000e+00
1.427004e+08 -1.476588e+11 -2.336385e+10 0.000000e+00
1.428581e+08 -1.468518e+11 -2.799360e+10 0.000000e+00
1.430158e+08 -1.458996e+11 -3.259569e+10 0.000000e+00
1.431734e+08 -1.448034e+11 -3.716558e+10 0.000000e+00
1.433311e+08 -1.435641e+11 -4.169875e+10 0.000000e+00
1.434888e+08 -1.421830e+11 -4.619074e+10 0.000000e+00
1.436465e+08 -1.406614e+11 -5.063709e+10 0.000000e+00
1.438042e+08 -1.390009e+11 -5.503342e+10 0.000000e+00
1.439618e+08 -1.372030e+11 -5.937539e+10 0.000000e+00
1.441195e+08 -1.352697e+11 -6.365871e+10 0.000000e+00
1.442772e+08 -1.332027e+11 -6.787915e+10 0.000000e+00
1.444349e+08 -1.310042e+11 -7.203253e+10 0.000000e+00
1.445926e+08 -1.286762e+11 -7.611477e+10 0.000000e+00
1.447502e+08 -1.262211e+11 -8.012182e+10 0.000000e+00
1.449079e+08 -1.236414e+11 -8.404973e+10 0.000000e+00
1.450656e+08 -1.209396e+11 -8.789463e+10 0.000000e+00
1.452233e+08 -1.181183e+11 -9.165271e+10 0.000000e+00
1.453810e+08 -1.151803e+11 -9.532027e+10 0.000000e+00
1.455386e+08 -1.121286e+11 -9.889368e+10 0.000000e+00
1.456963e+08 -1.089661e+11 -1.023694e+11 0.000000e+00
1.458540e+08 -1.056960e+11 -1.057441e+11 0.000000e+00
1.460117e+08 -1.023215e+11 -1.090143e+11 0.000000e+00
1.461694e+08 -9.884602e+10 -1.121768e+11 0.000000e+00
1.463270e+08 -9.527289e+10 -1.152286e+11 0.000000e+00
1.464847e+08 -9.160567e+10 -1.181666e+11 0.000000e+00
1.466424e+08 -8.784800e+10 -1.209879e+11 0.000000e+00
1.468001e+08 -8.400357e+10 -1.236897e+11 0.000000e+00
1.469578e+08 -8.007620e+10 -1.262694e+11 0.000000e+00
1.471154e+08 -7.606976e+10 -1.287244e+11 0.000000e+00
1.472731e+08 -7.198821e+10 -1.310523e+11 0.000000e+00
1.474308e+08 -6.783559e+10 -1.332508e+11 0.000000e+00
1.475885e+08 -6.361598e+10 -1.353178e+11 0.000000e+00
1.477462e+08 -5.933357e+10 -1.372511e+11 0.000000e+00
1.479038e+08 -5.499259e+10 -1.390490e+11 0.000000e+00
1.480615e+08 -5.059731e+10 -1.407095e+11 0.000000e+00
1.482192e+08 -4.615208e+10 -1.422312e+11 0.000000e+00
1.483769e+08 -4.166129e+10 -1.436125e+11 0.000000e+00
1.485346e+08 -3.712937e+10 -1.448520e+11 0.000000e+00
1.486922e+08 -3.256081e+10 -1.459485e+11 0.000000e+00
1.488499e+08 -2.796010e+10 -1.469009e+11 0.000000e+00
1.490076e+08 -2.333180e+10 -1.477083e+11 0.000000e+00
1.491653e+08 -1.868046e+10 -1.483700e+11 0.000000e+00
1.493230e+08 -1.401069e+10 -1.488852e+11 0.000000e+00
1.494806e+08 -9.327094e+09 -1.492535e+11 0.000000e+00
1.496383e+08 -4.634291e+09 -1.494745e+11 0.000000e+00
1.497960e+08 6.308562e+07 -1.495479e+11 0.000000e+00
1.499537e+08 4.760400e+09 -1.494738e+11 0.000000e+00
1.501114e+08 9.453017e+09 -1.492522e+11 0.000000e+00
1.502690e+08 1.413631e+10 -1.488833e+11 0.000000e+00
1.504267e+08 1.880565e+10 -1.483674e+11 0.000000e+00
1.505844e+08 2.345643e+10 -1.477052e+11 0.000000e+00
1.507421e+08 2.808407e+10 -1.468973e+11 0.000000e+00
1.508998e+08 3.268400e+10 -1.459444e+11 0.000000e+00
1.510574e+08 3.725168e+10 -1.448475e+11 0.000000e+00
1.512151e+08 4.178261e+10 -1.436077e+11 0.000000e+00
1.513728e+08 4.627232e+10 -1.422262e+11 0.000000e+00
1.515305e+08 5.071638e+10 -1.407044e+11 0.000000e+00
1.516882e+08 5.511041e+10 -1.390439e+11 0.000000e+00
1.518458e+08 5.945007e+10 -1.372461e+11 0.000000e+00
1.520035e+08 6.373109e+10 -1.353130e+11 0.000000e+00
1.521612e+08 6.794925e+10 -1.332464e+11 0.000000e+00
1.523189e+08 7.210038e+10 -1.310483e+11 0.000000e+00
1.524766e+08 7.618039e+10 -1.287210e+11 0.000000e+00
1.526342e+08 8.018527e+10 -1.262668e+11 0.000000e+00
1.527919e+08 8.411106e+10 -1.236880e+11 0.000000e+00
1.529496e+08 8.795389e+10 -1.209872e+11 0.000000e+00
1.531073e+08 9.170998e+10 -1.181671e+11 0.000000e+00
1.532650e+08 9.537562e+10 -1.152304e+11 0.000000e+00
1.534226e+08 9.894721e+10 -1.121801e+11 0.000000e+00
1.535803e+08 1.024212e+11 -1.090192e+11 0.000000e+00
1.537380e+08 1.057942e+11 -1.057508e+11 0.000000e+00
1.538957e+08 1.090629e+11 -1.023781e+11 0.000000e+00
1.540534e+08 1.122240e+11 -9.890442e+10 0.000000e+00
1.542110e+08 1.152745e+11 -9.533323e+10 0.000000e+00
1.543687e+08 1.182113e+11 -9.166804e+10 0.000000e+00
1.545264e+08 1.210315e+11 -8.791245e+10 0.000000e+00
1.546841e+08 1.237324e+11 -8.407019e+10 0.000000e+00
1.548418e+08 1.263113e+11 -8.014503e+10 0.000000e+00
1.549994e+08 1.287657e+11 -7.614085e+10 0.000000e+00
1.551571e+08 1.310931e+11 -7.206160e+10 0.000000e+00
1.553148e+08 1.332913e+11 -6.791129e+10 0.000000e+00
1.554725e+08 1.353580e+11 -6.369404e+10 0.000000e+00
1.556302e+08 1.372913e+11 -5.941398e+10 0.000000e+00
1.557878e+08 1.390892e+11 -5.507535e+10 0.000000e+00
1.559455e+08 1.407500e+11 -5.068242e+10 0.000000e+00
1.561032e+08 1.422720e+11 -4.623952e+10 0.000000e+00
1.562609e+08 1.436538e+11 -4.175104e+10 0.000000e+00
1.564186e+08 1.448940e+11 -3.722140e+10 0.000000e+00
1.565762e+08 1.459913e+11 -3.265506e+10 0.000000e+00
1.567339e+08 1.469447e+11 -2.805653e+10 0.000000e+00
1.568916e+08 1.477532e+11 -2.343034e+10 0.000000e+00
1.570493e+08 1.484160e+11 -1.878105e+10 0.000000e+00
1.572070e+08 1.489326e+11 -1.411325e+10 0.000000e+00
1.573646e+08 1.493023e+11 -9.431528e+09 0.000000e+00
1.575223e+08 1.495249e+11 -4.740514e+09 0.000000e+00
